ProposedModel: {"user_id": 30, "real_score": [4.0, 5.0, 4.0, 4.0, 4.0, 5.0, 4.0, 5.0, 4.0, 4.0], "pred_score": [4.167099952697754, 4.32879638671875, 3.9668660163879395, 4.304091453552246, 4.309237957000732, 4.570817947387695, 4.434323787689209, 4.32879638671875, 4.129383563995361, 4.080292224884033], "rmse": 0.38912335727980896, "ndcg@5": 0.9144829158052251}
BaseModel: {"user_id": 30, "real_score": [4.0, 5.0, 5.0, 5.0, 5.0, 5.0, 5.0, 4.0, 5.0, 5.0], "pred_score": [4.6673078536987305, 4.8253583908081055, 4.213520526885986, 4.469081401824951, 4.272846221923828, 4.572963714599609, 4.8253583908081055, 4.403576850891113, 4.272846221923828, 4.64013147354126], "rmse": 0.54212254511669, "ndcg@5": 0.8957904006756193}

ProposedModel: {"user_id": 1821, "real_score": [3.0, 4.0, 3.0, 3.0, 4.0, 4.0, 4.0, 4.0, 4.0, 5.0], "pred_score": [4.040303707122803, 4.004836082458496, 4.004836082458496, 3.784473419189453, 4.004836082458496, 3.9895410537719727, 3.7995383739471436, 3.902686595916748, 4.004836082458496, 3.9347445964813232], "rmse": 0.6238532752196658, "ndcg@5": 0.9055205759742638}
BaseModel: {"user_id": 1821, "real_score": [5.0, 5.0, 5.0, 5.0, 5.0, 5.0, 5.0, 4.0, 4.0, 5.0], "pred_score": [4.136661052703857, 3.970254898071289, 4.148107051849365, 3.970254898071289, 3.878491163253784, 3.970254898071289, 3.970254898071289, 4.240688323974609, 3.878491163253784, 4.077956199645996], "rmse": 0.8884378313673799, "ndcg@5": 0.7929499353681781}

ProposedModel: {"user_id": 583, "real_score": [3.0, 4.0, 5.0, 5.0, 4.0, 5.0, 4.0, 4.0, 5.0, 4.0], "pred_score": [4.096963882446289, 4.161395072937012, 4.278147220611572, 3.846710205078125, 4.161395072937012, 4.227326393127441, 3.955162525177002, 4.442910671234131, 4.213106632232666, 4.2872185707092285], "rmse": 0.6784891987575469, "ndcg@5": 0.8562482762559769}
BaseModel: {"user_id": 583, "real_score": [3.0, 5.0, 5.0, 3.0, 4.0, 5.0, 3.0, 4.0, 3.0, 4.0], "pred_score": [3.942796230316162, 3.6909494400024414, 3.7885689735412598, 3.6909494400024414, 4.119734287261963, 4.051752090454102, 4.150677680969238, 3.962064027786255, 3.881057024002075, 3.6909494400024414], "rmse": 0.8751135139403553, "ndcg@5": 0.8072931667025094}

ProposedModel: {"user_id": 30, "real_score": [4.0, 5.0, 4.0, 4.0, 4.0, 5.0, 4.0, 5.0, 4.0, 4.0], "pred_score": [4.167099952697754, 4.32879638671875, 3.9668660163879395, 4.304091453552246, 4.309237957000732, 4.570817947387695, 4.434323787689209, 4.32879638671875, 4.129383563995361, 4.080292224884033], "rmse": 0.38912335727980896, "ndcg@5": 0.9144829158052251}
BaseModel: {"user_id": 30, "real_score": [5.0, 5.0, 5.0, 5.0, 5.0, 5.0, 5.0, 5.0, 5.0, 5.0], "pred_score": [3.833681583404541, 3.994502544403076, 3.9356698989868164, 4.097048759460449, 4.120034217834473, 3.994502544403076, 4.227616310119629, 4.120034217834473, 3.9356698989868164, 4.104583740234375], "rmse": 0.9700666831878545, "ndcg@5": 0.814304597370098}

ProposedModel: {"user_id": 517, "real_score": [5.0, 3.0, 5.0, 5.0, 5.0, 5.0, 5.0, 4.0, 3.0, 4.0], "pred_score": [4.18048620223999, 3.7624623775482178, 4.168724536895752, 4.0139899253845215, 4.12410306930542, 4.0922651290893555, 4.097341537475586, 4.194285869598389, 3.9038302898406982, 4.0368332862854], "rmse": 0.786013310987052, "ndcg@5": 0.8215024861598649}
BaseModel: {"user_id": 517, "real_score": [5.0, 5.0, 5.0, 3.0, 5.0, 5.0, 4.0, 5.0, 3.0, 5.0], "pred_score": [3.8089139461517334, 4.039030075073242, 3.9773833751678467, 4.191293239593506, 3.5649213790893555, 3.9492690563201904, 4.049682140350342, 3.7078871726989746, 3.671203851699829, 3.7078871726989746], "rmse": 1.0845577338870234, "ndcg@5": 0.7619260816977198}

ProposedModel: {"user_id": 1662, "real_score": [5.0, 5.0, 5.0, 5.0, 5.0, 5.0, 4.0, 5.0, 5.0, 4.0], "pred_score": [4.04363489151001, 4.172728538513184, 4.195852279663086, 4.163121700286865, 3.953439474105835, 3.8914988040924072, 4.183504581451416, 4.172728538513184, 4.099691867828369, 4.099691867828369], "rmse": 0.8251448215183663, "ndcg@5": 0.8130543368465231}
BaseModel: {"user_id": 1662, "real_score": [5.0, 4.0, 4.0, 5.0, 4.0, 5.0, 5.0, 4.0, 3.0, 3.0], "pred_score": [3.8650283813476562, 3.938692092895508, 3.8613977432250977, 3.675487518310547, 3.808687210083008, 3.943380355834961, 3.8650283813476562, 3.852069854736328, 3.943380355834961, 3.943380355834961], "rmse": 0.8548968071039386, "ndcg@5": 0.7878861222354921}

ProposedModel: {"user_id": 583, "real_score": [3.0, 4.0, 5.0, 5.0, 4.0, 5.0, 4.0, 4.0, 5.0, 4.0], "pred_score": [4.096963882446289, 4.161395072937012, 4.278147220611572, 3.846710205078125, 4.161395072937012, 4.227326393127441, 3.955162525177002, 4.442910671234131, 4.213106632232666, 4.2872185707092285], "rmse": 0.6784891987575469, "ndcg@5": 0.8562482762559769}
BaseModel: {"user_id": 583, "real_score": [5.0, 4.0, 5.0, 4.0, 5.0, 4.0, 4.0, 5.0, 3.0, 5.0], "pred_score": [3.8082268238067627, 4.040669918060303, 4.013682842254639, 3.7772510051727295, 3.7772510051727295, 4.4662675857543945, 4.069087028503418, 4.10219669342041, 4.041950702667236, 3.9703378677368164], "rmse": 0.8434231442914868, "ndcg@5": 0.7822296386201647}

ProposedModel: {"user_id": 583, "real_score": [3.0, 4.0, 5.0, 5.0, 4.0, 5.0, 4.0, 4.0, 5.0, 4.0], "pred_score": [4.096963882446289, 4.161395072937012, 4.278147220611572, 3.846710205078125, 4.161395072937012, 4.227326393127441, 3.955162525177002, 4.442910671234131, 4.213106632232666, 4.2872185707092285], "rmse": 0.6784891987575469, "ndcg@5": 0.8562482762559769}
BaseModel: {"user_id": 583, "real_score": [4.0, 4.0, 4.0, 5.0, 5.0, 4.0, 5.0, 4.0, 5.0, 3.0], "pred_score": [3.895220994949341, 4.010994911193848, 4.117678642272949, 3.898235321044922, 3.8291103839874268, 4.010994911193848, 3.9040229320526123, 4.010994911193848, 4.010994911193848, 3.6145989894866943], "rmse": 0.7188244656673954, "ndcg@5": 0.8042421786086954}

ProposedModel: {"user_id": 1575, "real_score": [4.0, 4.0, 5.0, 5.0, 4.0, 4.0, 3.0, 5.0, 5.0, 5.0], "pred_score": [4.126023292541504, 4.126023292541504, 4.503087043762207, 4.369096279144287, 4.273390769958496, 3.730288028717041, 4.204205513000488, 4.12983512878418, 3.9176957607269287, 4.369096279144287], "rmse": 0.6783017468733229, "ndcg@5": 0.8616062710196872}
BaseModel: {"user_id": 1575, "real_score": [5.0, 5.0, 4.0, 3.0, 3.0, 5.0, 5.0, 5.0, 5.0, 3.0], "pred_score": [3.9612505435943604, 3.818293571472168, 3.4336862564086914, 3.455564022064209, 3.455564022064209, 3.6774721145629883, 3.8127877712249756, 4.0576863288879395, 3.6774721145629883, 3.6774721145629883], "rmse": 0.972922108789508, "ndcg@5": 0.7607434509227059}

ProposedModel: {"user_id": 3703, "real_score": [4.0, 4.0, 3.0, 4.0, 4.0, 5.0, 4.0, 4.0, 4.0, 4.0], "pred_score": [3.9279251098632812, 4.399956226348877, 3.9579992294311523, 3.965062141418457, 4.041208267211914, 4.086906909942627, 3.999145030975342, 3.9567441940307617, 4.041208267211914, 4.333362579345703], "rmse": 0.4510299987987057, "ndcg@5": 0.93836479498443}
BaseModel: {"user_id": 3703, "real_score": [4.0, 5.0, 5.0, 5.0, 4.0, 5.0, 4.0, 4.0, 3.0, 5.0], "pred_score": [4.343682289123535, 4.338665008544922, 4.338665008544922, 4.338665008544922, 3.877180576324463, 3.988538980484009, 4.162595748901367, 3.9350392818450928, 4.106005668640137, 4.473433017730713], "rmse": 0.632418050395105, "ndcg@5": 0.8610409848960978}

ProposedModel: {"user_id": 152, "real_score": [5.0, 5.0, 4.0, 5.0, 5.0, 4.0, 4.0, 5.0, 4.0, 5.0], "pred_score": [4.257171630859375, 4.257171630859375, 4.2876129150390625, 4.268028259277344, 4.268028259277344, 4.1492390632629395, 4.268028259277344, 4.166327953338623, 4.279176235198975, 4.200331211090088], "rmse": 0.6135474192333992, "ndcg@5": 0.8481217461265587}
BaseModel: {"user_id": 152, "real_score": [4.0, 5.0, 4.0, 3.0, 5.0, 5.0, 5.0, 4.0, 4.0, 4.0], "pred_score": [4.19655179977417, 3.887547254562378, 4.3196797370910645, 4.2421464920043945, 4.221950054168701, 4.1865339279174805, 4.19655179977417, 4.185202598571777, 4.185202598571777, 4.3196797370910645], "rmse": 0.7074404212209898, "ndcg@5": 0.844488395313118}

ProposedModel: {"user_id": 583, "real_score": [3.0, 4.0, 5.0, 5.0, 4.0, 5.0, 4.0, 4.0, 5.0, 4.0], "pred_score": [4.096963882446289, 4.161395072937012, 4.278147220611572, 3.846710205078125, 4.161395072937012, 4.227326393127441, 3.955162525177002, 4.442910671234131, 4.213106632232666, 4.2872185707092285], "rmse": 0.6784891987575469, "ndcg@5": 0.8562482762559769}
BaseModel: {"user_id": 583, "real_score": [4.0, 5.0, 3.0, 5.0, 4.0, 5.0, 5.0, 4.0, 5.0, 4.0], "pred_score": [4.029505729675293, 4.197386741638184, 3.985137701034546, 4.0744242668151855, 4.064553737640381, 3.926565408706665, 4.233684539794922, 4.185235977172852, 4.185235977172852, 4.197386741638184], "rmse": 0.7037774979079028, "ndcg@5": 0.8257712537999404}

ProposedModel: {"user_id": 819, "real_score": [5.0, 3.0, 3.0, 3.0, 3.0, 5.0, 3.0, 3.0, 3.0, 4.0], "pred_score": [4.027366638183594, 4.153563022613525, 4.059144496917725, 4.149412155151367, 3.809077262878418, 4.027366638183594, 4.177720069885254, 3.8522229194641113, 4.080998420715332, 4.177720069885254], "rmse": 0.9815156977831847, "ndcg@5": 0.9413812683090269}
BaseModel: {"user_id": 819, "real_score": [5.0, 4.0, 4.0, 5.0, 2.0, 5.0, 5.0, 5.0, 5.0, 3.0], "pred_score": [4.3426361083984375, 4.251621246337891, 4.646641731262207, 4.236113548278809, 4.2190117835998535, 4.291711330413818, 4.147571086883545, 4.236048698425293, 4.383184432983398, 4.072844982147217], "rmse": 0.9881553117324121, "ndcg@5": 0.8504565289261325}

ProposedModel: {"user_id": 9689, "real_score": [5.0, 5.0, 5.0, 5.0, 4.0, 5.0, 4.0, 5.0, 5.0, 4.0], "pred_score": [4.409903526306152, 4.205906867980957, 4.3169403076171875, 4.351456642150879, 4.13768196105957, 4.426215648651123, 4.426215648651123, 4.351456642150879, 4.426215648651123, 4.251320838928223], "rmse": 0.5664644934864222, "ndcg@5": 0.8724472952566174}
BaseModel: {"user_id": 9689, "real_score": [5.0, 4.0, 4.0, 5.0, 5.0, 4.0, 5.0, 5.0, 5.0, 5.0], "pred_score": [4.178217887878418, 3.9844565391540527, 4.238738059997559, 4.238738059997559, 4.118481159210205, 4.0244832038879395, 4.058300495147705, 4.238738059997559, 4.11334753036499, 4.097259521484375], "rmse": 0.7181342846276029, "ndcg@5": 0.8244924507919298}

ProposedModel: {"user_id": 688, "real_score": [4.0, 4.0, 4.0, 3.0, 3.0, 4.0, 5.0, 4.0, 5.0, 5.0], "pred_score": [4.375883102416992, 4.383920669555664, 4.200168609619141, 4.1504807472229, 4.375883102416992, 4.240536689758301, 4.274843692779541, 4.542731285095215, 4.542731285095215, 4.383920669555664], "rmse": 0.7079778414992627, "ndcg@5": 0.9236354916255911}
BaseModel: {"user_id": 688, "real_score": [5.0, 3.0, 5.0, 4.0, 3.0, 3.0, 4.0, 4.0, 5.0, 4.0], "pred_score": [4.260498046875, 3.9713687896728516, 3.9713687896728516, 4.109405994415283, 4.058394432067871, 4.1909589767456055, 4.380635738372803, 4.238112926483154, 4.321193218231201, 3.990750789642334], "rmse": 0.7590454139843825, "ndcg@5": 0.882605769294468}

ProposedModel: {"user_id": 273, "real_score": [5.0, 5.0, 5.0, 4.0, 3.0, 4.0, 5.0, 4.0, 4.0, 3.0], "pred_score": [4.226805686950684, 4.234630584716797, 4.111241817474365, 4.111241817474365, 4.111241817474365, 4.107367515563965, 4.111241817474365, 4.111241817474365, 4.111241817474365, 3.877310276031494], "rmse": 0.6940162877925335, "ndcg@5": 0.8578796295750452}
BaseModel: {"user_id": 273, "real_score": [5.0, 3.0, 5.0, 5.0, 4.0, 5.0, 4.0, 5.0, 5.0, 5.0], "pred_score": [3.42736554145813, 4.010472774505615, 3.5709822177886963, 3.7362215518951416, 3.726719617843628, 3.836071252822876, 3.5310170650482178, 3.7362215518951416, 3.7362215518951416, 3.7362215518951416], "rmse": 1.1650847995986118, "ndcg@5": 0.7515176032863055}

ProposedModel: {"user_id": 214, "real_score": [5.0, 4.0, 4.0, 5.0, 3.0, 5.0, 5.0, 4.0, 5.0, 5.0], "pred_score": [3.842658519744873, 3.6453146934509277, 3.508737802505493, 3.7286486625671387, 3.8115410804748535, 3.9104366302490234, 3.9104366302490234, 3.6453146934509277, 3.729135274887085, 3.8517394065856934], "rmse": 0.9703200753080591, "ndcg@5": 0.7629195244462581}
BaseModel: {"user_id": 214, "real_score": [5.0, 4.0, 3.0, 5.0, 4.0, 5.0, 5.0, 5.0, 5.0, 3.0], "pred_score": [3.758418083190918, 3.7219204902648926, 3.762068748474121, 3.758418083190918, 3.880077838897705, 3.7520294189453125, 3.7732791900634766, 3.4076972007751465, 3.7982048988342285, 3.6860146522521973], "rmse": 1.0615149588013795, "ndcg@5": 0.7427124313003405}

ProposedModel: {"user_id": 30, "real_score": [4.0, 5.0, 4.0, 4.0, 4.0, 5.0, 4.0, 5.0, 4.0, 4.0], "pred_score": [4.167099952697754, 4.32879638671875, 3.9668660163879395, 4.304091453552246, 4.309237957000732, 4.570817947387695, 4.434323787689209, 4.32879638671875, 4.129383563995361, 4.080292224884033], "rmse": 0.38912335727980896, "ndcg@5": 0.9144829158052251}
BaseModel: {"user_id": 30, "real_score": [4.0, 3.0, 4.0, 4.0, 3.0, 4.0, 4.0, 4.0, 5.0, 5.0], "pred_score": [4.184471130371094, 3.811156749725342, 4.084385871887207, 4.267401218414307, 4.0857038497924805, 4.267401218414307, 3.57393741607666, 4.038018703460693, 4.084385871887207, 4.084385871887207], "rmse": 0.6229413221151481, "ndcg@5": 0.8849628522486781}

ProposedModel: {"user_id": 7866, "real_score": [5.0, 5.0, 4.0, 5.0, 5.0, 5.0, 5.0, 5.0, 5.0, 4.0], "pred_score": [4.041475296020508, 4.336528778076172, 4.0593461990356445, 4.221352577209473, 4.238824844360352, 4.113190650939941, 4.108355522155762, 4.02618408203125, 4.153022766113281, 4.108355522155762], "rmse": 0.7620403295667894, "ndcg@5": 0.829499619589428}
BaseModel: {"user_id": 7866, "real_score": [3.0, 5.0, 4.0, 5.0, 5.0, 4.0, 5.0, 4.0, 4.0, 4.0], "pred_score": [4.296342849731445, 3.40643310546875, 4.090662956237793, 4.097064018249512, 4.17564058303833, 4.245511054992676, 4.296342849731445, 4.357807159423828, 4.351053714752197, 4.245511054992676], "rmse": 0.8117875863958075, "ndcg@5": 0.8061008762008872}

ProposedModel: {"user_id": 1253, "real_score": [4.0, 4.0, 3.0, 4.0, 3.0, 4.0, 4.0, 4.0, 4.0, 3.0], "pred_score": [4.223365306854248, 4.207083702087402, 3.890123128890991, 4.102712631225586, 3.9462833404541016, 4.102044105529785, 4.102712631225586, 3.9554901123046875, 4.023014068603516, 3.8196306228637695], "rmse": 0.49863461988325497, "ndcg@5": 1.0176520423560373}
BaseModel: {"user_id": 1253, "real_score": [4.0, 4.0, 5.0, 4.0, 4.0, 5.0, 5.0, 3.0, 5.0, 4.0], "pred_score": [4.226016044616699, 4.084901332855225, 4.460855960845947, 3.832158327102661, 4.000087261199951, 4.304775714874268, 3.9914724826812744, 3.8834903240203857, 4.084901332855225, 4.067582130432129], "rmse": 0.591619080882039, "ndcg@5": 0.8711281344978095}

ProposedModel: {"user_id": 781, "real_score": [4.0, 3.0, 3.0, 5.0, 4.0, 3.0, 5.0, 4.0, 4.0, 5.0], "pred_score": [3.8519861698150635, 3.5553460121154785, 3.6587319374084473, 3.7353835105895996, 3.6398262977600098, 3.823007106781006, 4.108972549438477, 3.8580946922302246, 3.8953239917755127, 3.8916783332824707], "rmse": 0.7227701458229526, "ndcg@5": 0.8215603137593921}
BaseModel: {"user_id": 781, "real_score": [3.0, 5.0, 3.0, 4.0, 3.0, 5.0, 4.0, 5.0, 1.0, 5.0], "pred_score": [3.8179168701171875, 3.881058692932129, 3.621041774749756, 3.926337242126465, 3.852236747741699, 3.8160548210144043, 3.946180820465088, 3.644268035888672, 3.675614356994629, 3.8160548210144043], "rmse": 1.218265779599319, "ndcg@5": 0.7876847919715981}

ProposedModel: {"user_id": 717, "real_score": [4.0, 5.0, 4.0, 4.0, 4.0, 4.0, 4.0, 5.0, 4.0, 4.0], "pred_score": [4.2732157707214355, 4.171975135803223, 4.245662689208984, 4.245662689208984, 4.171975135803223, 4.015732288360596, 4.214493274688721, 3.8789517879486084, 3.9261739253997803, 3.9580607414245605], "rmse": 0.4712494967531305, "ndcg@5": 0.8933189606410628}
BaseModel: {"user_id": 717, "real_score": [5.0, 5.0, 5.0, 2.0, 5.0, 5.0, 3.0, 5.0, 4.0, 3.0], "pred_score": [4.4304656982421875, 4.2919487953186035, 4.261716365814209, 4.073487281799316, 4.440646171569824, 4.618020057678223, 4.137143611907959, 4.257944107055664, 4.4902119636535645, 4.440646171569824], "rmse": 1.0143182417337844, "ndcg@5": 0.870772538089258}

ProposedModel: {"user_id": 306, "real_score": [4.0, 4.0, 4.0, 4.0, 4.0, 4.0, 4.0, 4.0, 4.0, 4.0], "pred_score": [3.8111958503723145, 3.886575698852539, 3.7518234252929688, 3.8111958503723145, 3.8732399940490723, 3.8732399940490723, 3.733631134033203, 3.9626059532165527, 3.86259126663208, 3.8007187843322754], "rmse": 0.1757360930190516, "ndcg@5": 0.9618624277785958}
BaseModel: {"user_id": 306, "real_score": [4.0, 4.0, 4.0, 4.0, 4.0, 5.0, 5.0, 4.0, 4.0, 3.0], "pred_score": [3.7428369522094727, 3.8473024368286133, 3.8644304275512695, 3.8644304275512695, 3.566370964050293, 3.8961730003356934, 3.9621500968933105, 3.930116653442383, 3.89992094039917, 4.015926361083984], "rmse": 0.6047159745168101, "ndcg@5": 0.8347975502251014}

ProposedModel: {"user_id": 3703, "real_score": [4.0, 4.0, 3.0, 4.0, 4.0, 5.0, 4.0, 4.0, 4.0, 4.0], "pred_score": [3.9279251098632812, 4.399956226348877, 3.9579992294311523, 3.965062141418457, 4.041208267211914, 4.086906909942627, 3.999145030975342, 3.9567441940307617, 4.041208267211914, 4.333362579345703], "rmse": 0.4510299987987057, "ndcg@5": 0.93836479498443}
BaseModel: {"user_id": 3703, "real_score": [2.0, 3.0, 5.0, 5.0, 4.0, 3.0, 5.0, 5.0, 3.0, 5.0], "pred_score": [4.25985860824585, 4.180782794952393, 4.139190196990967, 4.180782794952393, 4.051077842712402, 4.180782794952393, 3.9180188179016113, 4.180782794952393, 4.050149440765381, 4.391684532165527], "rmse": 1.1236030064088682, "ndcg@5": 0.8299576154941884}

ProposedModel: {"user_id": 1151, "real_score": [4.0, 4.0, 4.0, 5.0, 4.0, 5.0, 4.0, 3.0, 4.0, 3.0], "pred_score": [4.188625335693359, 4.280329704284668, 4.320562362670898, 4.188625335693359, 4.280096054077148, 4.303038597106934, 4.067276954650879, 4.154411315917969, 4.154411315917969, 4.109964370727539], "rmse": 0.6350210526873782, "ndcg@5": 0.9236221242773452}
BaseModel: {"user_id": 1151, "real_score": [4.0, 4.0, 5.0, 4.0, 4.0, 4.0, 3.0, 5.0, 5.0, 4.0], "pred_score": [4.1461076736450195, 4.145362854003906, 4.027268409729004, 4.145362854003906, 4.2026143074035645, 4.1282501220703125, 4.480412483215332, 4.136322498321533, 3.81840181350708, 4.025665283203125], "rmse": 0.7349631206835848, "ndcg@5": 0.8547290030910459}

ProposedModel: {"user_id": 30, "real_score": [4.0, 5.0, 4.0, 4.0, 4.0, 5.0, 4.0, 5.0, 4.0, 4.0], "pred_score": [4.167099952697754, 4.32879638671875, 3.9668660163879395, 4.304091453552246, 4.309237957000732, 4.570817947387695, 4.434323787689209, 4.32879638671875, 4.129383563995361, 4.080292224884033], "rmse": 0.38912335727980896, "ndcg@5": 0.9144829158052251}
BaseModel: {"user_id": 30, "real_score": [4.0, 4.0, 5.0, 5.0, 5.0, 4.0, 5.0, 5.0, 5.0, 4.0], "pred_score": [4.261402606964111, 3.854213237762451, 4.044677734375, 4.0562944412231445, 4.0562944412231445, 4.133399486541748, 4.044677734375, 4.189263820648193, 4.044677734375, 3.9868531227111816], "rmse": 0.7269063566599838, "ndcg@5": 0.8144445851586621}

ProposedModel: {"user_id": 1736, "real_score": [3.0, 4.0, 4.0, 4.0, 4.0, 4.0, 3.0, 3.0, 5.0, 4.0], "pred_score": [4.063791275024414, 3.890232801437378, 3.728224515914917, 3.840324640274048, 3.890195608139038, 3.9530396461486816, 4.063791275024414, 4.021917819976807, 4.240906238555908, 3.749901294708252], "rmse": 0.6381271092139944, "ndcg@5": 0.9026536634635781}
BaseModel: {"user_id": 1736, "real_score": [3.0, 4.0, 4.0, 4.0, 4.0, 4.0, 5.0, 4.0, 5.0, 5.0], "pred_score": [4.4949564933776855, 4.269721984863281, 4.443029403686523, 4.066656112670898, 4.152421474456787, 4.34673547744751, 4.019623756408691, 4.013553142547607, 4.394830226898193, 4.385694980621338], "rmse": 0.660056315425322, "ndcg@5": 0.896171672821242}

ProposedModel: {"user_id": 7866, "real_score": [5.0, 5.0, 4.0, 5.0, 5.0, 5.0, 5.0, 5.0, 5.0, 4.0], "pred_score": [4.041475296020508, 4.336528778076172, 4.0593461990356445, 4.221352577209473, 4.238824844360352, 4.113190650939941, 4.108355522155762, 4.02618408203125, 4.153022766113281, 4.108355522155762], "rmse": 0.7620403295667894, "ndcg@5": 0.829499619589428}
BaseModel: {"user_id": 7866, "real_score": [4.0, 3.0, 5.0, 3.0, 3.0, 4.0, 5.0, 5.0, 4.0, 5.0], "pred_score": [3.860854148864746, 3.939230442047119, 3.866764545440674, 3.7027058601379395, 4.040167331695557, 4.051119804382324, 4.040167331695557, 3.9323811531066895, 3.932558536529541, 3.8596267700195312], "rmse": 0.8444041083208377, "ndcg@5": 0.8058814554371003}

ProposedModel: {"user_id": 95, "real_score": [4.0, 5.0, 4.0, 5.0, 5.0, 5.0, 5.0, 4.0, 4.0, 4.0], "pred_score": [4.477583408355713, 4.282154560089111, 4.029609203338623, 4.238526344299316, 4.314035892486572, 4.408057689666748, 4.45120096206665, 4.37521505355835, 4.37521505355835, 4.37521505355835], "rmse": 0.535592089635696, "ndcg@5": 0.8637590738854928}
BaseModel: {"user_id": 95, "real_score": [3.0, 5.0, 5.0, 4.0, 5.0, 5.0, 5.0, 4.0, 3.0, 3.0], "pred_score": [4.15981912612915, 4.043989658355713, 4.043989658355713, 3.6803393363952637, 4.028191566467285, 4.15981912612915, 3.89845871925354, 3.6803393363952637, 4.099706172943115, 3.9690730571746826], "rmse": 0.9159488287608739, "ndcg@5": 0.8078270474774576}

ProposedModel: {"user_id": 3703, "real_score": [4.0, 4.0, 3.0, 4.0, 4.0, 5.0, 4.0, 4.0, 4.0, 4.0], "pred_score": [3.9279251098632812, 4.399956226348877, 3.9579992294311523, 3.965062141418457, 4.041208267211914, 4.086906909942627, 3.999145030975342, 3.9567441940307617, 4.041208267211914, 4.333362579345703], "rmse": 0.4510299987987057, "ndcg@5": 0.93836479498443}
BaseModel: {"user_id": 3703, "real_score": [3.0, 4.0, 4.0, 5.0, 5.0, 3.0, 4.0, 4.0, 4.0, 4.0], "pred_score": [3.8606016635894775, 3.9821455478668213, 3.851951837539673, 3.8091108798980713, 3.642080545425415, 3.9920780658721924, 3.6111931800842285, 3.9089105129241943, 3.933664321899414, 3.9435627460479736], "rmse": 0.7194655629678823, "ndcg@5": 0.8403258764025645}

ProposedModel: {"user_id": 2306, "real_score": [4.0, 5.0, 5.0, 4.0, 4.0, 5.0, 5.0, 5.0, 5.0, 5.0], "pred_score": [4.421128273010254, 4.421128273010254, 4.421128273010254, 4.421128273010254, 4.540309906005859, 4.421128273010254, 4.421128273010254, 4.421128273010254, 4.421128273010254, 4.421128273010254], "rmse": 0.5470174059059917, "ndcg@5": 0.8842256546020508}
BaseModel: {"user_id": 2306, "real_score": [3.0, 4.0, 5.0, 4.0, 4.0, 5.0, 4.0, 4.0, 5.0, 4.0], "pred_score": [3.7211248874664307, 3.7581920623779297, 3.788278102874756, 3.7211248874664307, 3.445591688156128, 3.7758493423461914, 3.7211248874664307, 3.7581920623779297, 3.5869333744049072, 3.596302032470703], "rmse": 0.7890766255842305, "ndcg@5": 0.7889337102734052}

ProposedModel: {"user_id": 8, "real_score": [4.0, 4.0, 3.0, 4.0, 4.0, 5.0, 4.0, 3.0, 3.0, 4.0], "pred_score": [3.942373752593994, 4.052743434906006, 3.7619502544403076, 4.131968975067139, 4.052743434906006, 4.196449279785156, 3.890476942062378, 4.052743434906006, 3.890476942062378, 3.8087663650512695], "rmse": 0.5658927431318399, "ndcg@5": 0.9329616830390466}
BaseModel: {"user_id": 8, "real_score": [5.0, 3.0, 4.0, 4.0, 4.0, 4.0, 3.0, 3.0, 4.0, 3.0], "pred_score": [4.135237216949463, 4.073209762573242, 4.080695629119873, 4.016645908355713, 3.8779239654541016, 4.073209762573242, 3.717771530151367, 3.9086718559265137, 3.884629726409912, 3.9086718559265137], "rmse": 0.6408213570355776, "ndcg@5": 0.927433808545969}

ProposedModel: {"user_id": 381, "real_score": [5.0, 5.0, 5.0, 5.0, 5.0, 5.0, 4.0, 5.0, 5.0, 5.0], "pred_score": [4.3672075271606445, 4.164676666259766, 4.232802867889404, 4.008030891418457, 4.116568088531494, 4.574509143829346, 3.9959263801574707, 4.116568088531494, 4.30712366104126, 4.149775981903076], "rmse": 0.7493802132317792, "ndcg@5": 0.8493504733353885}
BaseModel: {"user_id": 381, "real_score": [5.0, 5.0, 5.0, 5.0, 4.0, 5.0, 5.0, 5.0, 5.0, 5.0], "pred_score": [4.405656814575195, 4.3546953201293945, 4.265957832336426, 4.4378838539123535, 4.3546953201293945, 4.369207859039307, 3.5658164024353027, 4.148735523223877, 4.265957832336426, 4.053298473358154], "rmse": 0.7977942606077121, "ndcg@5": 0.82067498486559}

ProposedModel: {"user_id": 1875, "real_score": [4.0, 4.0, 5.0, 4.0, 3.0, 5.0, 5.0, 4.0, 4.0, 4.0], "pred_score": [3.9560658931732178, 3.9951817989349365, 3.9382495880126953, 3.9951817989349365, 3.9735779762268066, 3.9104557037353516, 3.7208564281463623, 3.8767759799957275, 3.7972519397735596, 3.4431750774383545], "rmse": 0.7257275038940544, "ndcg@5": 0.8067130040715123}
BaseModel: {"user_id": 1875, "real_score": [5.0, 3.0, 5.0, 3.0, 5.0, 5.0, 3.0, 4.0, 3.0, 3.0], "pred_score": [3.717397689819336, 4.077174186706543, 4.06158447265625, 4.025416851043701, 3.985687255859375, 3.923344612121582, 3.9263486862182617, 3.9073901176452637, 3.717397689819336, 3.6425557136535645], "rmse": 0.9337949017372268, "ndcg@5": 0.7992852166223997}

ProposedModel: {"user_id": 408, "real_score": [5.0, 4.0, 5.0, 4.0, 4.0, 4.0, 4.0, 5.0, 4.0, 5.0], "pred_score": [4.111752033233643, 3.8845715522766113, 4.102890968322754, 4.088500499725342, 4.375075340270996, 4.352351188659668, 4.270027160644531, 4.005507946014404, 4.254098892211914, 4.428714752197266], "rmse": 0.5772902416164394, "ndcg@5": 0.8532334096792147}
BaseModel: {"user_id": 408, "real_score": [2.0, 4.0, 3.0, 5.0, 3.0, 4.0, 5.0, 4.0, 5.0, 3.0], "pred_score": [4.040110111236572, 4.102676868438721, 3.8767104148864746, 3.9831230640411377, 3.846615791320801, 3.8614745140075684, 4.148855686187744, 4.069050312042236, 3.9831230640411377, 4.040110111236572], "rmse": 0.9775623238736968, "ndcg@5": 0.8464915531550851}

ProposedModel: {"user_id": 1315, "real_score": [5.0, 4.0, 4.0, 4.0, 5.0, 4.0, 4.0, 4.0, 4.0, 4.0], "pred_score": [4.470520973205566, 4.34494161605835, 4.454813480377197, 4.34494161605835, 4.351402282714844, 4.480067729949951, 4.050936222076416, 4.044341087341309, 4.454813480377197, 4.504049777984619], "rmse": 0.42916185999774165, "ndcg@5": 0.9608441967484708}
BaseModel: {"user_id": 1315, "real_score": [3.0, 4.0, 3.0, 4.0, 4.0, 3.0, 4.0, 3.0, 4.0, 5.0], "pred_score": [3.908676862716675, 3.925938844680786, 3.791102409362793, 3.925938844680786, 4.143789768218994, 4.405203342437744, 3.925938844680786, 3.9583547115325928, 4.03611421585083, 4.122532844543457], "rmse": 0.7178411957813788, "ndcg@5": 0.9251659366826981}

ProposedModel: {"user_id": 1662, "real_score": [5.0, 5.0, 5.0, 5.0, 5.0, 5.0, 4.0, 5.0, 5.0, 4.0], "pred_score": [4.04363489151001, 4.172728538513184, 4.195852279663086, 4.163121700286865, 3.953439474105835, 3.8914988040924072, 4.183504581451416, 4.172728538513184, 4.099691867828369, 4.099691867828369], "rmse": 0.8251448215183663, "ndcg@5": 0.8130543368465231}
BaseModel: {"user_id": 1662, "real_score": [4.0, 4.0, 5.0, 3.0, 5.0, 3.0, 4.0, 5.0, 3.0, 5.0], "pred_score": [3.89094877243042, 3.849372386932373, 3.89094877243042, 3.8283820152282715, 3.7828421592712402, 3.7713208198547363, 3.519814968109131, 3.872711181640625, 3.519814968109131, 3.882535934448242], "rmse": 0.8394934345009074, "ndcg@5": 0.7807087486989767}

ProposedModel: {"user_id": 1315, "real_score": [5.0, 4.0, 4.0, 4.0, 5.0, 4.0, 4.0, 4.0, 4.0, 4.0], "pred_score": [4.470520973205566, 4.34494161605835, 4.454813480377197, 4.34494161605835, 4.351402282714844, 4.480067729949951, 4.050936222076416, 4.044341087341309, 4.454813480377197, 4.504049777984619], "rmse": 0.42916185999774165, "ndcg@5": 0.9608441967484708}
BaseModel: {"user_id": 1315, "real_score": [4.0, 3.0, 5.0, 3.0, 5.0, 3.0, 4.0, 5.0, 4.0, 3.0], "pred_score": [3.836254119873047, 4.019709587097168, 3.673159122467041, 4.160951614379883, 4.13015604019165, 4.113948822021484, 4.045207977294922, 4.038094997406006, 3.751406669616699, 4.018896102905273], "rmse": 0.9055219224880621, "ndcg@5": 0.8252890074113588}

ProposedModel: {"user_id": 79, "real_score": [5.0, 5.0, 3.0, 3.0, 4.0, 5.0, 5.0, 4.0, 4.0, 4.0], "pred_score": [4.625669002532959, 4.45403528213501, 4.344023704528809, 4.344023704528809, 4.344023704528809, 4.413719177246094, 4.344023704528809, 4.125644683837891, 4.318950653076172, 4.434933185577393], "rmse": 0.7245733863962381, "ndcg@5": 0.9215492479226366}
BaseModel: {"user_id": 79, "real_score": [3.0, 4.0, 5.0, 5.0, 4.0, 5.0, 3.0, 5.0, 5.0, 4.0], "pred_score": [3.4553768634796143, 3.8576650619506836, 3.755748748779297, 3.6422159671783447, 3.688502311706543, 3.697005271911621, 3.9194161891937256, 3.688502311706543, 3.4229929447174072, 3.9194161891937256], "rmse": 1.0233762300511198, "ndcg@5": 0.733602148184497}

ProposedModel: {"user_id": 67, "real_score": [4.0, 3.0, 5.0, 4.0, 5.0, 5.0, 5.0, 4.0, 5.0, 5.0], "pred_score": [4.26633358001709, 4.198886394500732, 4.111015319824219, 4.1779069900512695, 4.378480434417725, 4.181919097900391, 4.157380104064941, 4.28272008895874, 4.158102035522461, 4.181919097900391], "rmse": 0.7452340090705061, "ndcg@5": 0.8481889274099202}
BaseModel: {"user_id": 67, "real_score": [5.0, 5.0, 4.0, 5.0, 3.0, 5.0, 3.0, 4.0, 5.0, 5.0], "pred_score": [4.197282314300537, 3.91099214553833, 3.9773991107940674, 4.1929426193237305, 4.204184532165527, 3.9773991107940674, 4.364847183227539, 4.364847183227539, 3.9773991107940674, 4.069737434387207], "rmse": 0.9425996995299354, "ndcg@5": 0.8026230236017537}

ProposedModel: {"user_id": 1821, "real_score": [3.0, 4.0, 3.0, 3.0, 4.0, 4.0, 4.0, 4.0, 4.0, 5.0], "pred_score": [4.040303707122803, 4.004836082458496, 4.004836082458496, 3.784473419189453, 4.004836082458496, 3.9895410537719727, 3.7995383739471436, 3.902686595916748, 4.004836082458496, 3.9347445964813232], "rmse": 0.6238532752196658, "ndcg@5": 0.9055205759742638}
BaseModel: {"user_id": 1821, "real_score": [4.0, 5.0, 5.0, 5.0, 3.0, 5.0, 5.0, 5.0, 4.0, 4.0], "pred_score": [3.903097152709961, 3.9103174209594727, 3.7209572792053223, 3.7209572792053223, 3.903097152709961, 4.018451690673828, 4.316649913787842, 4.184353828430176, 3.8642773628234863, 4.118250370025635], "rmse": 0.8609512438776145, "ndcg@5": 0.7838436464685901}

ProposedModel: {"user_id": 235, "real_score": [4.0, 5.0, 3.0, 3.0, 3.0, 3.0, 3.0, 3.0, 4.0, 3.0], "pred_score": [4.172497749328613, 4.277829170227051, 4.091535568237305, 4.091535568237305, 3.9623630046844482, 3.740821123123169, 4.091535568237305, 4.091535568237305, 4.313028335571289, 4.091535568237305], "rmse": 0.8989705701918247, "ndcg@5": 1.0318387248114362}
BaseModel: {"user_id": 235, "real_score": [3.0, 4.0, 3.0, 4.0, 4.0, 4.0, 3.0, 5.0, 2.0, 4.0], "pred_score": [3.842548370361328, 4.003880500793457, 4.202401161193848, 3.9243295192718506, 4.232134819030762, 3.842548370361328, 3.814268112182617, 4.038751602172852, 4.130735397338867, 4.003880500793457], "rmse": 0.9147215529483567, "ndcg@5": 0.9226389250788078}

ProposedModel: {"user_id": 643, "real_score": [3.0, 3.0, 4.0, 4.0, 4.0, 4.0, 4.0, 5.0, 5.0, 5.0], "pred_score": [3.9764304161071777, 4.201951026916504, 4.257349014282227, 4.361544609069824, 4.257349014282227, 4.321617126464844, 4.369810581207275, 4.194632530212402, 4.361544609069824, 4.365182876586914], "rmse": 0.6603564348241344, "ndcg@5": 0.9151374583311277}
BaseModel: {"user_id": 643, "real_score": [5.0, 5.0, 4.0, 5.0, 5.0, 5.0, 5.0, 5.0, 5.0, 5.0], "pred_score": [4.414529800415039, 4.282524108886719, 4.108161926269531, 4.326529502868652, 4.282524108886719, 4.108161926269531, 4.111244201660156, 4.27738094329834, 4.331194877624512, 4.108161926269531], "rmse": 0.7202566361020634, "ndcg@5": 0.834019144861614}

ProposedModel: {"user_id": 3703, "real_score": [4.0, 4.0, 3.0, 4.0, 4.0, 5.0, 4.0, 4.0, 4.0, 4.0], "pred_score": [3.9279251098632812, 4.399956226348877, 3.9579992294311523, 3.965062141418457, 4.041208267211914, 4.086906909942627, 3.999145030975342, 3.9567441940307617, 4.041208267211914, 4.333362579345703], "rmse": 0.4510299987987057, "ndcg@5": 0.93836479498443}
BaseModel: {"user_id": 3703, "real_score": [5.0, 5.0, 5.0, 5.0, 5.0, 5.0, 5.0, 5.0, 5.0, 4.0], "pred_score": [4.304769992828369, 4.304769992828369, 3.6030635833740234, 4.0140767097473145, 4.304769992828369, 4.391570568084717, 4.304769992828369, 4.391570568084717, 4.1694655418396, 3.6030635833740234], "rmse": 0.8027810410349283, "ndcg@5": 0.8636540619035258}

ProposedModel: {"user_id": 9711, "real_score": [4.0, 5.0, 4.0, 5.0, 4.0, 4.0, 4.0, 5.0, 5.0, 4.0], "pred_score": [4.105121612548828, 3.8923187255859375, 4.054439544677734, 4.105121612548828, 4.105121612548828, 4.105121612548828, 4.105121612548828, 4.105121612548828, 4.105121612548828, 4.105121612548828], "rmse": 0.6072558455156427, "ndcg@5": 0.8283255725347095}
BaseModel: {"user_id": 9711, "real_score": [5.0, 4.0, 4.0, 5.0, 4.0, 3.0, 5.0, 3.0, 4.0, 4.0], "pred_score": [3.811098098754883, 3.845526933670044, 4.023506164550781, 3.803896188735962, 4.115365505218506, 4.115365505218506, 3.8972654342651367, 3.983705997467041, 3.8219552040100098, 3.983705997467041], "rmse": 0.7963405387582242, "ndcg@5": 0.8148687220217189}

ProposedModel: {"user_id": 849, "real_score": [5.0, 2.0, 4.0, 5.0, 4.0, 3.0, 4.0, 5.0, 3.0, 3.0], "pred_score": [4.5914530754089355, 4.5515522956848145, 4.6644182205200195, 4.574102401733398, 4.378788948059082, 4.308624267578125, 4.574102401733398, 4.997541427612305, 4.574102401733398, 4.574102401733398], "rmse": 1.201721462652914, "ndcg@5": 0.9745266984391614}
BaseModel: {"user_id": 849, "real_score": [2.0, 5.0, 5.0, 5.0, 1.0, 3.0, 5.0, 5.0, 5.0, 2.0], "pred_score": [4.1263885498046875, 4.128139019012451, 3.9305622577667236, 3.8624463081359863, 4.022061347961426, 4.189507961273193, 4.221589088439941, 4.022061347961426, 3.821120262145996, 3.975060224533081], "rmse": 1.5849317546797361, "ndcg@5": 0.7928689031100704}

