ProposedModel: {"user_id": 583, "real_score": [3.0, 4.0, 5.0, 5.0, 4.0, 5.0, 4.0, 4.0, 5.0, 4.0], "pred_score": [4.096963882446289, 4.161395072937012, 4.278147220611572, 3.846710205078125, 4.161395072937012, 4.227326393127441, 3.955162525177002, 4.442910671234131, 4.213106632232666, 4.2872185707092285], "rmse": 0.6784891987575469, "ndcg@5": 0.8562482762559769}
BaseModel: {"user_id": 583, "real_score": [4.0, 4.0, 3.0, 4.0, 5.0, 4.0, 4.0, 4.0, 4.0, 4.0], "pred_score": [4.078093528747559, 3.950387954711914, 3.8548877239227295, 3.7197105884552, 3.643662452697754, 3.871644973754883, 3.6180717945098877, 4.373920440673828, 3.6533236503601074, 4.247651100158691], "rmse": 0.5604714798149627, "ndcg@5": 0.8855817758765575}

ProposedModel: {"user_id": 30, "real_score": [4.0, 5.0, 4.0, 4.0, 4.0, 5.0, 4.0, 5.0, 4.0, 4.0], "pred_score": [4.167099952697754, 4.32879638671875, 3.9668660163879395, 4.304091453552246, 4.309237957000732, 4.570817947387695, 4.434323787689209, 4.32879638671875, 4.129383563995361, 4.080292224884033], "rmse": 0.38912335727980896, "ndcg@5": 0.9144829158052251}
BaseModel: {"user_id": 30, "real_score": [4.0, 5.0, 5.0, 5.0, 5.0, 5.0, 5.0, 4.0, 5.0, 5.0], "pred_score": [4.6673078536987305, 4.8253583908081055, 4.213520526885986, 4.469081401824951, 4.272846221923828, 4.572963714599609, 4.8253583908081055, 4.403576850891113, 4.272846221923828, 4.64013147354126], "rmse": 0.54212254511669, "ndcg@5": 0.8957904006756193}

ProposedModel: {"user_id": 79, "real_score": [5.0, 5.0, 3.0, 3.0, 4.0, 5.0, 5.0, 4.0, 4.0, 4.0], "pred_score": [4.625669002532959, 4.45403528213501, 4.344023704528809, 4.344023704528809, 4.344023704528809, 4.413719177246094, 4.344023704528809, 4.125644683837891, 4.318950653076172, 4.434933185577393], "rmse": 0.7245733863962381, "ndcg@5": 0.9215492479226366}
BaseModel: {"user_id": 79, "real_score": [3.0, 4.0, 4.0, 4.0, 4.0, 3.0, 5.0, 4.0, 3.0, 4.0], "pred_score": [3.96250057220459, 3.8881452083587646, 4.005435466766357, 4.005435466766357, 4.05981969833374, 3.6580569744110107, 4.05981969833374, 3.8881452083587646, 3.8319549560546875, 3.840552806854248], "rmse": 0.5467740101890645, "ndcg@5": 0.9189634407580176}

ProposedModel: {"user_id": 2012, "real_score": [5.0, 4.0, 3.0, 4.0, 5.0, 3.0, 4.0, 4.0, 5.0, 4.0], "pred_score": [4.09282922744751, 4.099236965179443, 4.151377201080322, 3.845463514328003, 3.985250234603882, 4.098369121551514, 4.1288676261901855, 4.066886901855469, 4.030381679534912, 3.842001438140869], "rmse": 0.7351662046303772, "ndcg@5": 0.8519184726592454}
BaseModel: {"user_id": 2012, "real_score": [4.0, 5.0, 5.0, 5.0, 4.0, 4.0, 4.0, 3.0, 4.0, 5.0], "pred_score": [4.020827293395996, 3.894146680831909, 4.197221755981445, 4.143804550170898, 4.021139144897461, 4.063440322875977, 4.063440322875977, 3.997969627380371, 4.021139144897461, 4.156177520751953], "rmse": 0.6570990836997893, "ndcg@5": 0.8327043985379551}

ProposedModel: {"user_id": 1458, "real_score": [4.0, 4.0, 4.0, 5.0, 5.0, 4.0, 5.0, 5.0, 4.0, 5.0], "pred_score": [4.034700870513916, 4.022458076477051, 3.825795888900757, 3.965283155441284, 4.0791473388671875, 4.237234115600586, 4.198730945587158, 3.846611738204956, 4.237234115600586, 4.034636497497559], "rmse": 0.7048040475489884, "ndcg@5": 0.8042003998967883}
BaseModel: {"user_id": 1458, "real_score": [5.0, 3.0, 5.0, 5.0, 4.0, 5.0, 5.0, 5.0, 5.0, 4.0], "pred_score": [4.388679027557373, 4.554121971130371, 4.326122283935547, 4.516595840454102, 4.582258701324463, 4.35709810256958, 4.8512139320373535, 4.582258701324463, 4.516595840454102, 4.368699550628662], "rmse": 0.6924890778296511, "ndcg@5": 0.9097602702677383}

ProposedModel: {"user_id": 463, "real_score": [3.0, 4.0, 4.0, 5.0, 3.0, 4.0, 4.0, 3.0, 5.0, 3.0], "pred_score": [4.331414699554443, 3.9970035552978516, 3.764453411102295, 4.331414699554443, 3.9840164184570312, 4.060057640075684, 3.9450011253356934, 3.8363118171691895, 4.008191108703613, 4.331414699554443], "rmse": 0.8188925669938463, "ndcg@5": 0.8772517843340296}
BaseModel: {"user_id": 463, "real_score": [5.0, 5.0, 4.0, 4.0, 4.0, 3.0, 4.0, 5.0, 5.0, 5.0], "pred_score": [4.059501647949219, 4.188000202178955, 3.904057264328003, 3.904057264328003, 4.16446590423584, 4.262798309326172, 4.021509170532227, 4.188000202178955, 4.223660945892334, 4.16446590423584], "rmse": 0.7172604343005026, "ndcg@5": 0.8293079385503174}

ProposedModel: {"user_id": 230, "real_score": [4.0, 5.0, 4.0, 5.0, 4.0, 4.0, 5.0, 5.0, 5.0, 4.0], "pred_score": [4.053826332092285, 4.102470397949219, 4.102470397949219, 4.177107810974121, 3.8609228134155273, 3.956902027130127, 3.983578681945801, 3.983578681945801, 4.063309669494629, 3.983578681945801], "rmse": 0.6679215219320813, "ndcg@5": 0.8151551413180858}
BaseModel: {"user_id": 230, "real_score": [4.0, 4.0, 4.0, 4.0, 4.0, 4.0, 4.0, 5.0, 3.0, 4.0], "pred_score": [3.8039159774780273, 3.9162802696228027, 3.933805465698242, 3.9162802696228027, 3.8039159774780273, 4.1208815574646, 3.933805465698242, 4.1208815574646, 4.03344202041626, 3.7056379318237305], "rmse": 0.4518619725682872, "ndcg@5": 0.9050536983141182}

ProposedModel: {"user_id": 583, "real_score": [3.0, 4.0, 5.0, 5.0, 4.0, 5.0, 4.0, 4.0, 5.0, 4.0], "pred_score": [4.096963882446289, 4.161395072937012, 4.278147220611572, 3.846710205078125, 4.161395072937012, 4.227326393127441, 3.955162525177002, 4.442910671234131, 4.213106632232666, 4.2872185707092285], "rmse": 0.6784891987575469, "ndcg@5": 0.8562482762559769}
BaseModel: {"user_id": 583, "real_score": [4.0, 5.0, 4.0, 4.0, 4.0, 3.0, 4.0, 3.0, 4.0, 4.0], "pred_score": [4.208541393280029, 3.4904379844665527, 3.9554622173309326, 3.683340072631836, 3.8095414638519287, 3.949096202850342, 3.8535659313201904, 3.949096202850342, 3.999286413192749, 3.840052604675293], "rmse": 0.6564596386259615, "ndcg@5": 0.8620329066633097}

ProposedModel: {"user_id": 1821, "real_score": [3.0, 4.0, 3.0, 3.0, 4.0, 4.0, 4.0, 4.0, 4.0, 5.0], "pred_score": [4.040303707122803, 4.004836082458496, 4.004836082458496, 3.784473419189453, 4.004836082458496, 3.9895410537719727, 3.7995383739471436, 3.902686595916748, 4.004836082458496, 3.9347445964813232], "rmse": 0.6238532752196658, "ndcg@5": 0.9055205759742638}
BaseModel: {"user_id": 1821, "real_score": [5.0, 5.0, 5.0, 5.0, 5.0, 5.0, 5.0, 4.0, 4.0, 5.0], "pred_score": [4.136661052703857, 3.970254898071289, 4.148107051849365, 3.970254898071289, 3.878491163253784, 3.970254898071289, 3.970254898071289, 4.240688323974609, 3.878491163253784, 4.077956199645996], "rmse": 0.8884378313673799, "ndcg@5": 0.7929499353681781}

ProposedModel: {"user_id": 182, "real_score": [4.0, 5.0, 3.0, 4.0, 4.0, 5.0, 4.0, 4.0, 5.0, 3.0], "pred_score": [4.037167549133301, 3.9674105644226074, 4.288395881652832, 4.1733717918396, 4.115175724029541, 3.7220239639282227, 4.188539505004883, 4.073915004730225, 4.098343849182129, 4.062425136566162], "rmse": 0.7991792238367351, "ndcg@5": 0.8438210955324114}
BaseModel: {"user_id": 182, "real_score": [4.0, 4.0, 4.0, 5.0, 5.0, 4.0, 3.0, 3.0, 4.0, 3.0], "pred_score": [4.0178728103637695, 4.081657409667969, 3.832836389541626, 4.078747749328613, 4.078747749328613, 4.16482400894165, 4.16482400894165, 4.344099521636963, 4.116698741912842, 4.081657409667969], "rmse": 0.7814428854296577, "ndcg@5": 0.8813458579958575}

ProposedModel: {"user_id": 781, "real_score": [4.0, 3.0, 3.0, 5.0, 4.0, 3.0, 5.0, 4.0, 4.0, 5.0], "pred_score": [3.8519861698150635, 3.5553460121154785, 3.6587319374084473, 3.7353835105895996, 3.6398262977600098, 3.823007106781006, 4.108972549438477, 3.8580946922302246, 3.8953239917755127, 3.8916783332824707], "rmse": 0.7227701458229526, "ndcg@5": 0.8215603137593921}
BaseModel: {"user_id": 781, "real_score": [5.0, 5.0, 5.0, 4.0, 5.0, 5.0, 4.0, 5.0, 4.0, 5.0], "pred_score": [4.01249361038208, 4.169221878051758, 4.278121471405029, 4.01249361038208, 4.207037925720215, 4.234513282775879, 4.542289733886719, 3.8984017372131348, 4.217728137969971, 4.446480751037598], "rmse": 0.7254495608083994, "ndcg@5": 0.844428009046861}

ProposedModel: {"user_id": 207, "real_score": [3.0, 5.0, 3.0, 3.0, 4.0, 4.0, 3.0, 4.0, 4.0, 3.0], "pred_score": [4.190532684326172, 4.409982204437256, 4.409982204437256, 4.602006912231445, 4.414394855499268, 4.3246636390686035, 4.101864337921143, 4.280847549438477, 4.4381513595581055, 4.207810878753662], "rmse": 0.9767731706357312, "ndcg@5": 1.0097095666061464}
BaseModel: {"user_id": 207, "real_score": [5.0, 4.0, 4.0, 5.0, 5.0, 4.0, 4.0, 4.0, 5.0, 5.0], "pred_score": [4.6220245361328125, 4.348191738128662, 4.245994567871094, 4.254919528961182, 4.255642414093018, 4.255642414093018, 4.146042346954346, 4.245994567871094, 4.255642414093018, 4.245994567871094], "rmse": 0.5199631064880357, "ndcg@5": 0.8756968231824097}

ProposedModel: {"user_id": 994, "real_score": [5.0, 5.0, 5.0, 5.0, 2.0, 2.0, 5.0, 5.0, 5.0, 3.0], "pred_score": [4.2522807121276855, 4.146651744842529, 3.9428601264953613, 4.3226847648620605, 4.195912837982178, 4.015065670013428, 4.290139198303223, 3.9428601264953613, 3.8936171531677246, 3.929366111755371], "rmse": 1.2431959940726742, "ndcg@5": 0.8153136149243991}
BaseModel: {"user_id": 994, "real_score": [5.0, 5.0, 5.0, 2.0, 4.0, 2.0, 5.0, 5.0, 5.0, 5.0], "pred_score": [3.9608397483825684, 3.953916311264038, 4.104954719543457, 4.006403923034668, 3.99858021736145, 3.791698932647705, 3.980926513671875, 3.9608397483825684, 3.9162437915802, 4.200921535491943], "rmse": 1.189222993182796, "ndcg@5": 0.8078003990253126}

ProposedModel: {"user_id": 884, "real_score": [5.0, 5.0, 3.0, 3.0, 4.0, 3.0, 5.0, 3.0, 5.0, 4.0], "pred_score": [4.089740753173828, 4.295017242431641, 4.211150169372559, 4.171784400939941, 3.8081960678100586, 4.406113147735596, 4.177416801452637, 4.295017242431641, 3.930222511291504, 4.406142234802246], "rmse": 0.9920970845514445, "ndcg@5": 0.8558068673069917}
BaseModel: {"user_id": 884, "real_score": [4.0, 5.0, 5.0, 5.0, 3.0, 4.0, 4.0, 4.0, 4.0, 4.0], "pred_score": [3.94126033782959, 3.926703691482544, 3.926703691482544, 3.9544248580932617, 3.7012858390808105, 3.926703691482544, 4.039613723754883, 4.00953483581543, 3.857149124145508, 3.926703691482544], "rmse": 0.6265158628767779, "ndcg@5": 0.8302926008038134}

ProposedModel: {"user_id": 5449, "real_score": [3.0, 4.0, 3.0, 3.0, 3.0, 4.0, 5.0, 4.0, 5.0, 4.0], "pred_score": [4.196229934692383, 4.133384704589844, 4.079598426818848, 4.222089767456055, 4.0918450355529785, 4.196229934692383, 4.102141857147217, 4.242057800292969, 4.3091840744018555, 3.982408285140991], "rmse": 0.8173556853137423, "ndcg@5": 0.9163580479455142}
BaseModel: {"user_id": 5449, "real_score": [4.0, 3.0, 5.0, 4.0, 5.0, 4.0, 4.0, 4.0, 4.0, 3.0], "pred_score": [4.113739013671875, 3.6993408203125, 4.113739013671875, 4.113739013671875, 4.352564334869385, 4.085210800170898, 3.7899253368377686, 3.9629530906677246, 3.696763515472412, 3.6841917037963867], "rmse": 0.4829510863328156, "ndcg@5": 0.8858045021346032}

ProposedModel: {"user_id": 583, "real_score": [3.0, 4.0, 5.0, 5.0, 4.0, 5.0, 4.0, 4.0, 5.0, 4.0], "pred_score": [4.096963882446289, 4.161395072937012, 4.278147220611572, 3.846710205078125, 4.161395072937012, 4.227326393127441, 3.955162525177002, 4.442910671234131, 4.213106632232666, 4.2872185707092285], "rmse": 0.6784891987575469, "ndcg@5": 0.8562482762559769}
BaseModel: {"user_id": 583, "real_score": [3.0, 5.0, 5.0, 3.0, 4.0, 5.0, 3.0, 4.0, 3.0, 4.0], "pred_score": [3.942796230316162, 3.6909494400024414, 3.7885689735412598, 3.6909494400024414, 4.119734287261963, 4.051752090454102, 4.150677680969238, 3.962064027786255, 3.881057024002075, 3.6909494400024414], "rmse": 0.8751135139403553, "ndcg@5": 0.8072931667025094}

ProposedModel: {"user_id": 2291, "real_score": [5.0, 4.0, 4.0, 5.0, 4.0, 5.0, 4.0, 4.0, 5.0, 5.0], "pred_score": [3.611786365509033, 3.7948553562164307, 4.059667110443115, 3.611786365509033, 3.7948553562164307, 3.5688881874084473, 3.2603726387023926, 3.946044921875, 3.8339784145355225, 3.709517240524292], "rmse": 0.9780079634484596, "ndcg@5": 0.7299579402089998}
BaseModel: {"user_id": 2291, "real_score": [5.0, 5.0, 4.0, 5.0, 4.0, 4.0, 5.0, 5.0, 5.0, 5.0], "pred_score": [4.279736042022705, 4.3789215087890625, 4.3280510902404785, 4.408698558807373, 4.570552349090576, 4.122867107391357, 4.257962226867676, 4.272567272186279, 4.245203495025635, 4.164947986602783], "rmse": 0.6363338875319378, "ndcg@5": 0.8594990259449441}

ProposedModel: {"user_id": 1376, "real_score": [4.0, 4.0, 4.0, 2.0, 5.0, 5.0, 5.0, 5.0, 4.0, 3.0], "pred_score": [3.786565065383911, 3.957829236984253, 3.786565065383911, 3.931403875350952, 3.859734535217285, 3.9529855251312256, 4.076064109802246, 3.957829236984253, 3.724153757095337, 3.867583990097046], "rmse": 0.948062396462738, "ndcg@5": 0.8036719280028208}
BaseModel: {"user_id": 1376, "real_score": [4.0, 3.0, 5.0, 4.0, 3.0, 3.0, 4.0, 5.0, 3.0, 5.0], "pred_score": [4.475339412689209, 4.58098840713501, 4.417154312133789, 4.475339412689209, 4.475339412689209, 4.543337821960449, 4.595196723937988, 4.321300506591797, 4.417154312133789, 4.417154312133789], "rmse": 1.0494081963837185, "ndcg@5": 0.9413622193335633}

ProposedModel: {"user_id": 843, "real_score": [5.0, 5.0, 5.0, 4.0, 5.0, 4.0, 4.0, 3.0, 5.0, 5.0], "pred_score": [4.272586822509766, 4.204085826873779, 4.46781063079834, 4.277105331420898, 4.315414905548096, 4.054929256439209, 4.002023220062256, 4.249546051025391, 4.06289005279541, 4.362419605255127], "rmse": 0.6957262072838398, "ndcg@5": 0.8559096942224899}
BaseModel: {"user_id": 843, "real_score": [4.0, 4.0, 4.0, 3.0, 3.0, 5.0, 3.0, 5.0, 3.0, 4.0], "pred_score": [3.9106898307800293, 4.22387170791626, 4.056041240692139, 4.22387170791626, 4.086373805999756, 4.22387170791626, 4.1579694747924805, 3.9106898307800293, 4.273055076599121, 4.22387170791626], "rmse": 0.868329301691733, "ndcg@5": 0.9097472177575215}

ProposedModel: {"user_id": 1821, "real_score": [3.0, 4.0, 3.0, 3.0, 4.0, 4.0, 4.0, 4.0, 4.0, 5.0], "pred_score": [4.040303707122803, 4.004836082458496, 4.004836082458496, 3.784473419189453, 4.004836082458496, 3.9895410537719727, 3.7995383739471436, 3.902686595916748, 4.004836082458496, 3.9347445964813232], "rmse": 0.6238532752196658, "ndcg@5": 0.9055205759742638}
BaseModel: {"user_id": 1821, "real_score": [5.0, 5.0, 4.0, 5.0, 5.0, 5.0, 5.0, 4.0, 4.0, 5.0], "pred_score": [4.4837260246276855, 4.45948600769043, 4.536776542663574, 4.301674842834473, 4.7374348640441895, 4.7374348640441895, 4.485709190368652, 4.45948600769043, 4.45948600769043, 4.45948600769043], "rmse": 0.4951027410984149, "ndcg@5": 0.9032809901582951}

ProposedModel: {"user_id": 2012, "real_score": [5.0, 4.0, 3.0, 4.0, 5.0, 3.0, 4.0, 4.0, 5.0, 4.0], "pred_score": [4.09282922744751, 4.099236965179443, 4.151377201080322, 3.845463514328003, 3.985250234603882, 4.098369121551514, 4.1288676261901855, 4.066886901855469, 4.030381679534912, 3.842001438140869], "rmse": 0.7351662046303772, "ndcg@5": 0.8519184726592454}
BaseModel: {"user_id": 2012, "real_score": [5.0, 3.0, 3.0, 4.0, 3.0, 5.0, 4.0, 4.0, 3.0, 4.0], "pred_score": [4.131143569946289, 4.175556659698486, 3.343386650085449, 4.177798271179199, 4.003480911254883, 4.483161449432373, 4.177798271179199, 4.019073486328125, 3.8122849464416504, 4.003480911254883], "rmse": 0.6520937137772849, "ndcg@5": 0.9183237166766339}

ProposedModel: {"user_id": 5573, "real_score": [5.0, 4.0, 5.0, 5.0, 4.0, 5.0, 5.0, 5.0, 4.0, 4.0], "pred_score": [3.9889092445373535, 3.8889331817626953, 4.002167701721191, 4.27981424331665, 3.797884464263916, 4.002167701721191, 3.9344801902770996, 4.098933696746826, 4.002167701721191, 3.8889331817626953], "rmse": 0.7446536400861427, "ndcg@5": 0.8128778869699925}
BaseModel: {"user_id": 5573, "real_score": [4.0, 4.0, 5.0, 5.0, 5.0, 5.0, 3.0, 5.0, 4.0, 4.0], "pred_score": [4.543646812438965, 4.568305969238281, 4.658042907714844, 4.874240875244141, 4.682803630828857, 4.607540607452393, 4.558230876922607, 4.277342319488525, 4.454792499542236, 4.485952854156494], "rmse": 0.6632658274804226, "ndcg@5": 0.930235718269369}

ProposedModel: {"user_id": 95, "real_score": [4.0, 5.0, 4.0, 5.0, 5.0, 5.0, 5.0, 4.0, 4.0, 4.0], "pred_score": [4.477583408355713, 4.282154560089111, 4.029609203338623, 4.238526344299316, 4.314035892486572, 4.408057689666748, 4.45120096206665, 4.37521505355835, 4.37521505355835, 4.37521505355835], "rmse": 0.535592089635696, "ndcg@5": 0.8637590738854928}
BaseModel: {"user_id": 95, "real_score": [4.0, 3.0, 3.0, 3.0, 5.0, 3.0, 3.0, 4.0, 3.0, 5.0], "pred_score": [4.24230432510376, 4.280734539031982, 4.122500419616699, 4.406126022338867, 4.468849182128906, 4.406126022338867, 4.3798508644104, 4.440973281860352, 3.9450623989105225, 4.332922458648682], "rmse": 1.031119887495737, "ndcg@5": 0.9708278910681347}

ProposedModel: {"user_id": 30, "real_score": [4.0, 5.0, 4.0, 4.0, 4.0, 5.0, 4.0, 5.0, 4.0, 4.0], "pred_score": [4.167099952697754, 4.32879638671875, 3.9668660163879395, 4.304091453552246, 4.309237957000732, 4.570817947387695, 4.434323787689209, 4.32879638671875, 4.129383563995361, 4.080292224884033], "rmse": 0.38912335727980896, "ndcg@5": 0.9144829158052251}
BaseModel: {"user_id": 30, "real_score": [5.0, 5.0, 5.0, 5.0, 5.0, 5.0, 5.0, 5.0, 5.0, 5.0], "pred_score": [3.833681583404541, 3.994502544403076, 3.9356698989868164, 4.097048759460449, 4.120034217834473, 3.994502544403076, 4.227616310119629, 4.120034217834473, 3.9356698989868164, 4.104583740234375], "rmse": 0.9700666831878545, "ndcg@5": 0.814304597370098}

ProposedModel: {"user_id": 352, "real_score": [5.0, 5.0, 3.0, 4.0, 4.0, 4.0, 5.0, 5.0, 5.0, 4.0], "pred_score": [4.268616199493408, 4.33656644821167, 4.344092845916748, 4.387822151184082, 4.344092845916748, 4.243526458740234, 4.3712944984436035, 4.055828094482422, 4.3712944984436035, 4.344092845916748], "rmse": 0.7007256790973343, "ndcg@5": 0.8565918245372885}
BaseModel: {"user_id": 352, "real_score": [4.0, 5.0, 4.0, 4.0, 4.0, 5.0, 5.0, 5.0, 5.0, 5.0], "pred_score": [4.4270524978637695, 4.640308856964111, 4.298375606536865, 4.661473274230957, 4.4823126792907715, 4.480584621429443, 4.4823126792907715, 4.636220932006836, 4.261064529418945, 4.5476484298706055], "rmse": 0.49917203180150227, "ndcg@5": 0.8968162796371331}

ProposedModel: {"user_id": 463, "real_score": [3.0, 4.0, 4.0, 5.0, 3.0, 4.0, 4.0, 3.0, 5.0, 3.0], "pred_score": [4.331414699554443, 3.9970035552978516, 3.764453411102295, 4.331414699554443, 3.9840164184570312, 4.060057640075684, 3.9450011253356934, 3.8363118171691895, 4.008191108703613, 4.331414699554443], "rmse": 0.8188925669938463, "ndcg@5": 0.8772517843340296}
BaseModel: {"user_id": 463, "real_score": [5.0, 4.0, 5.0, 4.0, 4.0, 5.0, 4.0, 4.0, 4.0, 3.0], "pred_score": [4.688772678375244, 4.459146499633789, 4.688772678375244, 4.133131504058838, 3.9586873054504395, 4.688772678375244, 4.459146499633789, 4.34688663482666, 3.9586873054504395, 4.296996116638184], "rmse": 0.5035757119229465, "ndcg@5": 0.9619534331140208}

ProposedModel: {"user_id": 1662, "real_score": [5.0, 5.0, 5.0, 5.0, 5.0, 5.0, 4.0, 5.0, 5.0, 4.0], "pred_score": [4.04363489151001, 4.172728538513184, 4.195852279663086, 4.163121700286865, 3.953439474105835, 3.8914988040924072, 4.183504581451416, 4.172728538513184, 4.099691867828369, 4.099691867828369], "rmse": 0.8251448215183663, "ndcg@5": 0.8130543368465231}
BaseModel: {"user_id": 1662, "real_score": [3.0, 4.0, 4.0, 5.0, 5.0, 4.0, 4.0, 3.0, 5.0, 5.0], "pred_score": [3.9426534175872803, 4.381080627441406, 4.074004650115967, 4.137852668762207, 4.375028133392334, 4.292679309844971, 4.362422943115234, 4.243457317352295, 4.362422943115234, 4.362422943115234], "rmse": 0.6891581306789923, "ndcg@5": 0.8809068873575762}

ProposedModel: {"user_id": 517, "real_score": [5.0, 3.0, 5.0, 5.0, 5.0, 5.0, 5.0, 4.0, 3.0, 4.0], "pred_score": [4.18048620223999, 3.7624623775482178, 4.168724536895752, 4.0139899253845215, 4.12410306930542, 4.0922651290893555, 4.097341537475586, 4.194285869598389, 3.9038302898406982, 4.0368332862854], "rmse": 0.786013310987052, "ndcg@5": 0.8215024861598649}
BaseModel: {"user_id": 517, "real_score": [5.0, 5.0, 5.0, 3.0, 5.0, 5.0, 4.0, 5.0, 3.0, 5.0], "pred_score": [3.8089139461517334, 4.039030075073242, 3.9773833751678467, 4.191293239593506, 3.5649213790893555, 3.9492690563201904, 4.049682140350342, 3.7078871726989746, 3.671203851699829, 3.7078871726989746], "rmse": 1.0845577338870234, "ndcg@5": 0.7619260816977198}

ProposedModel: {"user_id": 1662, "real_score": [5.0, 5.0, 5.0, 5.0, 5.0, 5.0, 4.0, 5.0, 5.0, 4.0], "pred_score": [4.04363489151001, 4.172728538513184, 4.195852279663086, 4.163121700286865, 3.953439474105835, 3.8914988040924072, 4.183504581451416, 4.172728538513184, 4.099691867828369, 4.099691867828369], "rmse": 0.8251448215183663, "ndcg@5": 0.8130543368465231}
BaseModel: {"user_id": 1662, "real_score": [5.0, 4.0, 4.0, 5.0, 4.0, 5.0, 5.0, 4.0, 3.0, 3.0], "pred_score": [3.8650283813476562, 3.938692092895508, 3.8613977432250977, 3.675487518310547, 3.808687210083008, 3.943380355834961, 3.8650283813476562, 3.852069854736328, 3.943380355834961, 3.943380355834961], "rmse": 0.8548968071039386, "ndcg@5": 0.7878861222354921}

ProposedModel: {"user_id": 3382, "real_score": [5.0, 4.0, 4.0, 4.0, 4.0, 5.0, 5.0, 4.0, 4.0, 5.0], "pred_score": [3.7350172996520996, 3.808375120162964, 3.808375120162964, 3.937427520751953, 3.482058525085449, 3.937427520751953, 3.8638508319854736, 3.937427520751953, 3.7350172996520996, 3.8638508319854736], "rmse": 0.757011304657555, "ndcg@5": 0.7839889715648972}
BaseModel: {"user_id": 3382, "real_score": [5.0, 5.0, 4.0, 5.0, 3.0, 5.0, 4.0, 5.0, 4.0, 5.0], "pred_score": [3.8702239990234375, 4.200887680053711, 3.636465072631836, 4.154052257537842, 4.2719597816467285, 3.9549903869628906, 4.001674175262451, 3.9549903869628906, 4.038657188415527, 4.4109368324279785], "rmse": 0.8314579882740926, "ndcg@5": 0.8281615916435849}

ProposedModel: {"user_id": 583, "real_score": [3.0, 4.0, 5.0, 5.0, 4.0, 5.0, 4.0, 4.0, 5.0, 4.0], "pred_score": [4.096963882446289, 4.161395072937012, 4.278147220611572, 3.846710205078125, 4.161395072937012, 4.227326393127441, 3.955162525177002, 4.442910671234131, 4.213106632232666, 4.2872185707092285], "rmse": 0.6784891987575469, "ndcg@5": 0.8562482762559769}
BaseModel: {"user_id": 583, "real_score": [5.0, 4.0, 5.0, 4.0, 5.0, 4.0, 4.0, 5.0, 3.0, 5.0], "pred_score": [3.8082268238067627, 4.040669918060303, 4.013682842254639, 3.7772510051727295, 3.7772510051727295, 4.4662675857543945, 4.069087028503418, 4.10219669342041, 4.041950702667236, 3.9703378677368164], "rmse": 0.8434231442914868, "ndcg@5": 0.7822296386201647}

ProposedModel: {"user_id": 2012, "real_score": [5.0, 4.0, 3.0, 4.0, 5.0, 3.0, 4.0, 4.0, 5.0, 4.0], "pred_score": [4.09282922744751, 4.099236965179443, 4.151377201080322, 3.845463514328003, 3.985250234603882, 4.098369121551514, 4.1288676261901855, 4.066886901855469, 4.030381679534912, 3.842001438140869], "rmse": 0.7351662046303772, "ndcg@5": 0.8519184726592454}
BaseModel: {"user_id": 2012, "real_score": [4.0, 5.0, 4.0, 3.0, 3.0, 4.0, 5.0, 4.0, 4.0, 5.0], "pred_score": [4.021378040313721, 4.470414161682129, 4.162015438079834, 3.9309206008911133, 4.070249557495117, 4.045807361602783, 4.097365856170654, 4.1514506340026855, 4.0942769050598145, 4.049130439758301], "rmse": 0.6381253578566127, "ndcg@5": 0.8948815273701307}

ProposedModel: {"user_id": 3661, "real_score": [4.0, 3.0, 4.0, 4.0, 3.0, 4.0, 4.0, 5.0, 5.0, 4.0], "pred_score": [3.946589946746826, 4.332087993621826, 4.257891654968262, 4.257891654968262, 4.351407527923584, 4.351407527923584, 3.98795747756958, 4.351407527923584, 3.98795747756958, 4.50156831741333], "rmse": 0.7454350944474472, "ndcg@5": 0.9312785226832445}
BaseModel: {"user_id": 3661, "real_score": [5.0, 4.0, 4.0, 5.0, 5.0, 5.0, 4.0, 4.0, 4.0, 4.0], "pred_score": [3.9519920349121094, 4.0091423988342285, 4.210404872894287, 4.329904079437256, 4.567312717437744, 4.381102561950684, 4.231327533721924, 4.327898979187012, 4.429593086242676, 4.327898979187012], "rmse": 0.5113759530635988, "ndcg@5": 0.872742968272336}

ProposedModel: {"user_id": 3514, "real_score": [5.0, 5.0, 5.0, 5.0, 5.0, 5.0, 5.0, 5.0, 5.0, 5.0], "pred_score": [4.2169508934021, 4.18528938293457, 4.092009544372559, 3.988445997238159, 4.423271179199219, 4.039841651916504, 4.092009544372559, 4.317699432373047, 4.235528469085693, 4.18528938293457], "rmse": 0.8317017955152003, "ndcg@5": 0.8291582293165197}
BaseModel: {"user_id": 3514, "real_score": [4.0, 4.0, 4.0, 5.0, 4.0, 4.0, 5.0, 4.0, 5.0, 5.0], "pred_score": [4.196628093719482, 4.287693023681641, 4.243133068084717, 4.302967071533203, 4.274578094482422, 4.144660472869873, 4.431967258453369, 4.243133068084717, 4.274578094482422, 4.274578094482422], "rmse": 0.46871816209117473, "ndcg@5": 0.8857537117350823}

ProposedModel: {"user_id": 463, "real_score": [3.0, 4.0, 4.0, 5.0, 3.0, 4.0, 4.0, 3.0, 5.0, 3.0], "pred_score": [4.331414699554443, 3.9970035552978516, 3.764453411102295, 4.331414699554443, 3.9840164184570312, 4.060057640075684, 3.9450011253356934, 3.8363118171691895, 4.008191108703613, 4.331414699554443], "rmse": 0.8188925669938463, "ndcg@5": 0.8772517843340296}
BaseModel: {"user_id": 463, "real_score": [4.0, 4.0, 5.0, 4.0, 4.0, 4.0, 5.0, 5.0, 5.0, 4.0], "pred_score": [3.9593708515167236, 4.236696243286133, 4.197967529296875, 4.236696243286133, 4.025949001312256, 4.236696243286133, 4.281615257263184, 4.1407694816589355, 4.236696243286133, 4.187628746032715], "rmse": 0.5182515208216949, "ndcg@5": 0.8647864510386768}

ProposedModel: {"user_id": 463, "real_score": [3.0, 4.0, 4.0, 5.0, 3.0, 4.0, 4.0, 3.0, 5.0, 3.0], "pred_score": [4.331414699554443, 3.9970035552978516, 3.764453411102295, 4.331414699554443, 3.9840164184570312, 4.060057640075684, 3.9450011253356934, 3.8363118171691895, 4.008191108703613, 4.331414699554443], "rmse": 0.8188925669938463, "ndcg@5": 0.8772517843340296}
BaseModel: {"user_id": 463, "real_score": [4.0, 4.0, 4.0, 4.0, 3.0, 5.0, 4.0, 3.0, 4.0, 4.0], "pred_score": [4.099608898162842, 3.6212406158447266, 3.9933786392211914, 3.7369384765625, 4.185075283050537, 3.993311882019043, 3.8487324714660645, 3.958390712738037, 3.967249870300293, 3.6423888206481934], "rmse": 0.6091636144358945, "ndcg@5": 0.8831185137498184}

ProposedModel: {"user_id": 583, "real_score": [3.0, 4.0, 5.0, 5.0, 4.0, 5.0, 4.0, 4.0, 5.0, 4.0], "pred_score": [4.096963882446289, 4.161395072937012, 4.278147220611572, 3.846710205078125, 4.161395072937012, 4.227326393127441, 3.955162525177002, 4.442910671234131, 4.213106632232666, 4.2872185707092285], "rmse": 0.6784891987575469, "ndcg@5": 0.8562482762559769}
BaseModel: {"user_id": 583, "real_score": [4.0, 4.0, 4.0, 5.0, 5.0, 4.0, 5.0, 4.0, 5.0, 3.0], "pred_score": [3.895220994949341, 4.010994911193848, 4.117678642272949, 3.898235321044922, 3.8291103839874268, 4.010994911193848, 3.9040229320526123, 4.010994911193848, 4.010994911193848, 3.6145989894866943], "rmse": 0.7188244656673954, "ndcg@5": 0.8042421786086954}

ProposedModel: {"user_id": 132, "real_score": [5.0, 5.0, 4.0, 4.0, 5.0, 4.0, 3.0, 5.0, 4.0, 5.0], "pred_score": [4.152543544769287, 4.252716064453125, 4.1643548011779785, 4.152543544769287, 4.252716064453125, 4.087124824523926, 4.132425308227539, 4.152543544769287, 4.132425308227539, 4.152543544769287], "rmse": 0.6803829756589395, "ndcg@5": 0.8381932708509701}
BaseModel: {"user_id": 132, "real_score": [4.0, 4.0, 4.0, 3.0, 5.0, 5.0, 4.0, 5.0, 4.0, 4.0], "pred_score": [4.453464031219482, 4.019493579864502, 4.164879322052002, 4.02668571472168, 4.475489616394043, 4.475489616394043, 4.211018085479736, 4.1910881996154785, 3.9515902996063232, 4.128622531890869], "rmse": 0.5054953012465009, "ndcg@5": 0.9115973362692319}

ProposedModel: {"user_id": 2012, "real_score": [5.0, 4.0, 3.0, 4.0, 5.0, 3.0, 4.0, 4.0, 5.0, 4.0], "pred_score": [4.09282922744751, 4.099236965179443, 4.151377201080322, 3.845463514328003, 3.985250234603882, 4.098369121551514, 4.1288676261901855, 4.066886901855469, 4.030381679534912, 3.842001438140869], "rmse": 0.7351662046303772, "ndcg@5": 0.8519184726592454}
BaseModel: {"user_id": 2012, "real_score": [4.0, 4.0, 3.0, 4.0, 3.0, 3.0, 5.0, 3.0, 4.0, 4.0], "pred_score": [4.173054218292236, 3.9310858249664307, 4.125297546386719, 4.095039367675781, 3.7523317337036133, 4.173054218292236, 4.193384170532227, 4.300927639007568, 3.987668991088867, 3.887843132019043], "rmse": 0.7488562286627322, "ndcg@5": 0.9248890039759712}

ProposedModel: {"user_id": 67, "real_score": [4.0, 3.0, 5.0, 4.0, 5.0, 5.0, 5.0, 4.0, 5.0, 5.0], "pred_score": [4.26633358001709, 4.198886394500732, 4.111015319824219, 4.1779069900512695, 4.378480434417725, 4.181919097900391, 4.157380104064941, 4.28272008895874, 4.158102035522461, 4.181919097900391], "rmse": 0.7452340090705061, "ndcg@5": 0.8481889274099202}
BaseModel: {"user_id": 67, "real_score": [3.0, 3.0, 4.0, 4.0, 3.0, 4.0, 3.0, 5.0, 4.0, 5.0], "pred_score": [3.896503210067749, 4.194887638092041, 3.8411498069763184, 4.175901412963867, 4.194887638092041, 3.799936294555664, 3.9592199325561523, 4.177240371704102, 3.817626476287842, 4.194887638092041], "rmse": 0.7767839572679915, "ndcg@5": 0.8885801476770682}

ProposedModel: {"user_id": 1575, "real_score": [4.0, 4.0, 5.0, 5.0, 4.0, 4.0, 3.0, 5.0, 5.0, 5.0], "pred_score": [4.126023292541504, 4.126023292541504, 4.503087043762207, 4.369096279144287, 4.273390769958496, 3.730288028717041, 4.204205513000488, 4.12983512878418, 3.9176957607269287, 4.369096279144287], "rmse": 0.6783017468733229, "ndcg@5": 0.8616062710196872}
BaseModel: {"user_id": 1575, "real_score": [5.0, 5.0, 4.0, 3.0, 3.0, 5.0, 5.0, 5.0, 5.0, 3.0], "pred_score": [3.9612505435943604, 3.818293571472168, 3.4336862564086914, 3.455564022064209, 3.455564022064209, 3.6774721145629883, 3.8127877712249756, 4.0576863288879395, 3.6774721145629883, 3.6774721145629883], "rmse": 0.972922108789508, "ndcg@5": 0.7607434509227059}

ProposedModel: {"user_id": 517, "real_score": [5.0, 3.0, 5.0, 5.0, 5.0, 5.0, 5.0, 4.0, 3.0, 4.0], "pred_score": [4.18048620223999, 3.7624623775482178, 4.168724536895752, 4.0139899253845215, 4.12410306930542, 4.0922651290893555, 4.097341537475586, 4.194285869598389, 3.9038302898406982, 4.0368332862854], "rmse": 0.786013310987052, "ndcg@5": 0.8215024861598649}
BaseModel: {"user_id": 517, "real_score": [5.0, 5.0, 5.0, 5.0, 5.0, 5.0, 3.0, 5.0, 5.0, 5.0], "pred_score": [4.028543472290039, 3.9853951930999756, 3.9853951930999756, 4.434384346008301, 4.445357322692871, 4.411756992340088, 3.998741626739502, 3.9853951930999756, 4.186229228973389, 4.445357322692871], "rmse": 0.8350396727085806, "ndcg@5": 0.8644632950627869}

ProposedModel: {"user_id": 3703, "real_score": [4.0, 4.0, 3.0, 4.0, 4.0, 5.0, 4.0, 4.0, 4.0, 4.0], "pred_score": [3.9279251098632812, 4.399956226348877, 3.9579992294311523, 3.965062141418457, 4.041208267211914, 4.086906909942627, 3.999145030975342, 3.9567441940307617, 4.041208267211914, 4.333362579345703], "rmse": 0.4510299987987057, "ndcg@5": 0.93836479498443}
BaseModel: {"user_id": 3703, "real_score": [4.0, 5.0, 5.0, 5.0, 4.0, 5.0, 4.0, 4.0, 3.0, 5.0], "pred_score": [4.343682289123535, 4.338665008544922, 4.338665008544922, 4.338665008544922, 3.877180576324463, 3.988538980484009, 4.162595748901367, 3.9350392818450928, 4.106005668640137, 4.473433017730713], "rmse": 0.632418050395105, "ndcg@5": 0.8610409848960978}

ProposedModel: {"user_id": 1651, "real_score": [3.0, 5.0, 4.0, 4.0, 4.0, 5.0, 4.0, 4.0, 5.0, 3.0], "pred_score": [3.9426722526550293, 3.9524426460266113, 3.614514112472534, 3.853543281555176, 3.96238112449646, 4.375293254852295, 3.5455684661865234, 3.9513683319091797, 3.853605270385742, 3.9513683319091797], "rmse": 0.7054024370526688, "ndcg@5": 0.838668966628684}
BaseModel: {"user_id": 1651, "real_score": [4.0, 5.0, 4.0, 3.0, 5.0, 3.0, 3.0, 5.0, 5.0, 5.0], "pred_score": [4.276875019073486, 4.344025611877441, 4.226049900054932, 4.043752193450928, 4.226049900054932, 4.292377948760986, 3.9258430004119873, 4.296905040740967, 4.226049900054932, 4.129149913787842], "rmse": 0.8139794525135308, "ndcg@5": 0.853072883702944}

ProposedModel: {"user_id": 152, "real_score": [5.0, 5.0, 4.0, 5.0, 5.0, 4.0, 4.0, 5.0, 4.0, 5.0], "pred_score": [4.257171630859375, 4.257171630859375, 4.2876129150390625, 4.268028259277344, 4.268028259277344, 4.1492390632629395, 4.268028259277344, 4.166327953338623, 4.279176235198975, 4.200331211090088], "rmse": 0.6135474192333992, "ndcg@5": 0.8481217461265587}
BaseModel: {"user_id": 152, "real_score": [4.0, 5.0, 4.0, 3.0, 5.0, 5.0, 5.0, 4.0, 4.0, 4.0], "pred_score": [4.19655179977417, 3.887547254562378, 4.3196797370910645, 4.2421464920043945, 4.221950054168701, 4.1865339279174805, 4.19655179977417, 4.185202598571777, 4.185202598571777, 4.3196797370910645], "rmse": 0.7074404212209898, "ndcg@5": 0.844488395313118}

ProposedModel: {"user_id": 214, "real_score": [5.0, 4.0, 4.0, 5.0, 3.0, 5.0, 5.0, 4.0, 5.0, 5.0], "pred_score": [3.842658519744873, 3.6453146934509277, 3.508737802505493, 3.7286486625671387, 3.8115410804748535, 3.9104366302490234, 3.9104366302490234, 3.6453146934509277, 3.729135274887085, 3.8517394065856934], "rmse": 0.9703200753080591, "ndcg@5": 0.7629195244462581}
BaseModel: {"user_id": 214, "real_score": [4.0, 4.0, 5.0, 5.0, 4.0, 3.0, 5.0, 5.0, 5.0, 5.0], "pred_score": [4.110255718231201, 3.7583155632019043, 3.801398515701294, 3.995485782623291, 4.241166591644287, 3.8264739513397217, 4.059681415557861, 4.27699089050293, 3.828367233276367, 3.9420485496520996], "rmse": 0.8459556149817945, "ndcg@5": 0.8051076928778003}

ProposedModel: {"user_id": 132, "real_score": [5.0, 5.0, 4.0, 4.0, 5.0, 4.0, 3.0, 5.0, 4.0, 5.0], "pred_score": [4.152543544769287, 4.252716064453125, 4.1643548011779785, 4.152543544769287, 4.252716064453125, 4.087124824523926, 4.132425308227539, 4.152543544769287, 4.132425308227539, 4.152543544769287], "rmse": 0.6803829756589395, "ndcg@5": 0.8381932708509701}
BaseModel: {"user_id": 132, "real_score": [1.0, 4.0, 3.0, 5.0, 2.0, 1.0, 5.0, 3.0, 5.0, 5.0], "pred_score": [4.4203081130981445, 4.513656139373779, 4.294132709503174, 4.513656139373779, 4.590542793273926, 4.837800979614258, 4.464288234710693, 4.464288234710693, 4.461637496948242, 4.464288234710693], "rmse": 1.9575810374005242, "ndcg@5": 0.922447710268564}

ProposedModel: {"user_id": 583, "real_score": [3.0, 4.0, 5.0, 5.0, 4.0, 5.0, 4.0, 4.0, 5.0, 4.0], "pred_score": [4.096963882446289, 4.161395072937012, 4.278147220611572, 3.846710205078125, 4.161395072937012, 4.227326393127441, 3.955162525177002, 4.442910671234131, 4.213106632232666, 4.2872185707092285], "rmse": 0.6784891987575469, "ndcg@5": 0.8562482762559769}
BaseModel: {"user_id": 583, "real_score": [4.0, 5.0, 3.0, 5.0, 4.0, 5.0, 5.0, 4.0, 5.0, 4.0], "pred_score": [4.029505729675293, 4.197386741638184, 3.985137701034546, 4.0744242668151855, 4.064553737640381, 3.926565408706665, 4.233684539794922, 4.185235977172852, 4.185235977172852, 4.197386741638184], "rmse": 0.7037774979079028, "ndcg@5": 0.8257712537999404}

ProposedModel: {"user_id": 188, "real_score": [3.0, 4.0, 3.0, 3.0, 3.0, 3.0, 5.0, 3.0, 4.0, 4.0], "pred_score": [3.5775063037872314, 3.7150039672851562, 3.8795626163482666, 3.6400063037872314, 3.8245608806610107, 3.9057776927948, 4.088246822357178, 3.9170007705688477, 3.673940658569336, 3.9170007705688477], "rmse": 0.6988344681581465, "ndcg@5": 0.914846354089093}
BaseModel: {"user_id": 188, "real_score": [4.0, 5.0, 3.0, 4.0, 4.0, 5.0, 3.0, 5.0, 4.0, 4.0], "pred_score": [3.9674339294433594, 4.020358085632324, 4.007569313049316, 3.840517997741699, 3.965507984161377, 4.130815029144287, 3.9808735847473145, 4.130815029144287, 4.011173725128174, 3.962777614593506], "rmse": 0.6691164118121038, "ndcg@5": 0.8583662842430372}

ProposedModel: {"user_id": 843, "real_score": [5.0, 5.0, 5.0, 4.0, 5.0, 4.0, 4.0, 3.0, 5.0, 5.0], "pred_score": [4.272586822509766, 4.204085826873779, 4.46781063079834, 4.277105331420898, 4.315414905548096, 4.054929256439209, 4.002023220062256, 4.249546051025391, 4.06289005279541, 4.362419605255127], "rmse": 0.6957262072838398, "ndcg@5": 0.8559096942224899}
BaseModel: {"user_id": 843, "real_score": [4.0, 3.0, 3.0, 3.0, 4.0, 4.0, 5.0, 4.0, 4.0, 3.0], "pred_score": [3.7647759914398193, 3.805490493774414, 3.8804407119750977, 3.805490493774414, 4.03873348236084, 3.822417736053467, 3.9810070991516113, 3.915860176086426, 3.7647759914398193, 3.935978412628174], "rmse": 0.6432716314427368, "ndcg@5": 0.9054201589796919}

ProposedModel: {"user_id": 819, "real_score": [5.0, 3.0, 3.0, 3.0, 3.0, 5.0, 3.0, 3.0, 3.0, 4.0], "pred_score": [4.027366638183594, 4.153563022613525, 4.059144496917725, 4.149412155151367, 3.809077262878418, 4.027366638183594, 4.177720069885254, 3.8522229194641113, 4.080998420715332, 4.177720069885254], "rmse": 0.9815156977831847, "ndcg@5": 0.9413812683090269}
BaseModel: {"user_id": 819, "real_score": [5.0, 4.0, 4.0, 5.0, 2.0, 5.0, 5.0, 5.0, 5.0, 3.0], "pred_score": [4.3426361083984375, 4.251621246337891, 4.646641731262207, 4.236113548278809, 4.2190117835998535, 4.291711330413818, 4.147571086883545, 4.236048698425293, 4.383184432983398, 4.072844982147217], "rmse": 0.9881553117324121, "ndcg@5": 0.8504565289261325}

ProposedModel: {"user_id": 5573, "real_score": [5.0, 4.0, 5.0, 5.0, 4.0, 5.0, 5.0, 5.0, 4.0, 4.0], "pred_score": [3.9889092445373535, 3.8889331817626953, 4.002167701721191, 4.27981424331665, 3.797884464263916, 4.002167701721191, 3.9344801902770996, 4.098933696746826, 4.002167701721191, 3.8889331817626953], "rmse": 0.7446536400861427, "ndcg@5": 0.8128778869699925}
BaseModel: {"user_id": 5573, "real_score": [4.0, 4.0, 4.0, 2.0, 4.0, 4.0, 4.0, 4.0, 4.0, 3.0], "pred_score": [4.387314796447754, 4.078469753265381, 4.142121315002441, 4.387314796447754, 4.142121315002441, 4.269937992095947, 4.110238075256348, 3.9304113388061523, 4.142121315002441, 4.142121315002441], "rmse": 0.8550052867971343, "ndcg@5": 1.0332853595919231}

ProposedModel: {"user_id": 1820, "real_score": [5.0, 4.0, 5.0, 5.0, 4.0, 3.0, 3.0, 4.0, 5.0, 4.0], "pred_score": [4.307069778442383, 4.311599254608154, 4.141772747039795, 4.030196189880371, 4.311599254608154, 4.302358150482178, 4.311599254608154, 4.171720504760742, 4.38997745513916, 4.392864227294922], "rmse": 0.7952232820423171, "ndcg@5": 0.8725183859707033}
BaseModel: {"user_id": 1820, "real_score": [4.0, 4.0, 4.0, 4.0, 3.0, 4.0, 3.0, 3.0, 3.0, 4.0], "pred_score": [3.6500115394592285, 3.697699546813965, 4.260480880737305, 3.7709755897521973, 4.13001012802124, 3.8428726196289062, 4.025132179260254, 4.013290882110596, 4.128551006317139, 4.013290882110596], "rmse": 0.7062046424681798, "ndcg@5": 0.9732913895005777}

ProposedModel: {"user_id": 9689, "real_score": [5.0, 5.0, 5.0, 5.0, 4.0, 5.0, 4.0, 5.0, 5.0, 4.0], "pred_score": [4.409903526306152, 4.205906867980957, 4.3169403076171875, 4.351456642150879, 4.13768196105957, 4.426215648651123, 4.426215648651123, 4.351456642150879, 4.426215648651123, 4.251320838928223], "rmse": 0.5664644934864222, "ndcg@5": 0.8724472952566174}
BaseModel: {"user_id": 9689, "real_score": [5.0, 4.0, 4.0, 5.0, 5.0, 4.0, 5.0, 5.0, 5.0, 5.0], "pred_score": [4.178217887878418, 3.9844565391540527, 4.238738059997559, 4.238738059997559, 4.118481159210205, 4.0244832038879395, 4.058300495147705, 4.238738059997559, 4.11334753036499, 4.097259521484375], "rmse": 0.7181342846276029, "ndcg@5": 0.8244924507919298}

ProposedModel: {"user_id": 688, "real_score": [4.0, 4.0, 4.0, 3.0, 3.0, 4.0, 5.0, 4.0, 5.0, 5.0], "pred_score": [4.375883102416992, 4.383920669555664, 4.200168609619141, 4.1504807472229, 4.375883102416992, 4.240536689758301, 4.274843692779541, 4.542731285095215, 4.542731285095215, 4.383920669555664], "rmse": 0.7079778414992627, "ndcg@5": 0.9236354916255911}
BaseModel: {"user_id": 688, "real_score": [5.0, 3.0, 5.0, 4.0, 3.0, 3.0, 4.0, 4.0, 5.0, 4.0], "pred_score": [4.260498046875, 3.9713687896728516, 3.9713687896728516, 4.109405994415283, 4.058394432067871, 4.1909589767456055, 4.380635738372803, 4.238112926483154, 4.321193218231201, 3.990750789642334], "rmse": 0.7590454139843825, "ndcg@5": 0.882605769294468}

ProposedModel: {"user_id": 273, "real_score": [5.0, 5.0, 5.0, 4.0, 3.0, 4.0, 5.0, 4.0, 4.0, 3.0], "pred_score": [4.226805686950684, 4.234630584716797, 4.111241817474365, 4.111241817474365, 4.111241817474365, 4.107367515563965, 4.111241817474365, 4.111241817474365, 4.111241817474365, 3.877310276031494], "rmse": 0.6940162877925335, "ndcg@5": 0.8578796295750452}
BaseModel: {"user_id": 273, "real_score": [5.0, 3.0, 5.0, 5.0, 4.0, 5.0, 4.0, 5.0, 5.0, 5.0], "pred_score": [3.42736554145813, 4.010472774505615, 3.5709822177886963, 3.7362215518951416, 3.726719617843628, 3.836071252822876, 3.5310170650482178, 3.7362215518951416, 3.7362215518951416, 3.7362215518951416], "rmse": 1.1650847995986118, "ndcg@5": 0.7515176032863055}

ProposedModel: {"user_id": 815, "real_score": [5.0, 5.0, 5.0, 5.0, 5.0, 4.0, 4.0, 5.0, 5.0, 4.0], "pred_score": [4.247189998626709, 4.160060405731201, 4.376479625701904, 4.247189998626709, 4.090387344360352, 3.784945249557495, 4.014649868011475, 4.376479625701904, 4.247189998626709, 3.8126611709594727], "rmse": 0.6397011771554568, "ndcg@5": 0.8566668814719443}
BaseModel: {"user_id": 815, "real_score": [4.0, 3.0, 3.0, 3.0, 4.0, 5.0, 3.0, 4.0, 3.0, 3.0], "pred_score": [4.1739397048950195, 4.121826171875, 4.14475154876709, 4.2195353507995605, 4.026987075805664, 4.111793518066406, 3.790186882019043, 4.1739397048950195, 3.8519222736358643, 3.790186882019043], "rmse": 0.829513573241747, "ndcg@5": 0.9699734576929459}

ProposedModel: {"user_id": 480, "real_score": [3.0, 5.0, 4.0, 4.0, 3.0, 2.0, 4.0, 3.0, 4.0, 4.0], "pred_score": [4.135690212249756, 4.1302714347839355, 4.115109443664551, 4.2797932624816895, 4.1302714347839355, 4.363503932952881, 4.216988563537598, 4.20573091506958, 4.151356220245361, 4.464659690856934], "rmse": 1.0363931427714421, "ndcg@5": 0.9734431569331133}
BaseModel: {"user_id": 480, "real_score": [3.0, 5.0, 4.0, 3.0, 4.0, 5.0, 4.0, 4.0, 4.0, 4.0], "pred_score": [4.008386611938477, 3.9999537467956543, 4.252076148986816, 4.102336883544922, 3.6468687057495117, 4.008386611938477, 4.252076148986816, 4.252076148986816, 4.252076148986816, 3.6468687057495117], "rmse": 0.6869463425189427, "ndcg@5": 0.8862033731169447}

ProposedModel: {"user_id": 214, "real_score": [5.0, 4.0, 4.0, 5.0, 3.0, 5.0, 5.0, 4.0, 5.0, 5.0], "pred_score": [3.842658519744873, 3.6453146934509277, 3.508737802505493, 3.7286486625671387, 3.8115410804748535, 3.9104366302490234, 3.9104366302490234, 3.6453146934509277, 3.729135274887085, 3.8517394065856934], "rmse": 0.9703200753080591, "ndcg@5": 0.7629195244462581}
BaseModel: {"user_id": 214, "real_score": [5.0, 4.0, 3.0, 5.0, 4.0, 5.0, 5.0, 5.0, 5.0, 3.0], "pred_score": [3.758418083190918, 3.7219204902648926, 3.762068748474121, 3.758418083190918, 3.880077838897705, 3.7520294189453125, 3.7732791900634766, 3.4076972007751465, 3.7982048988342285, 3.6860146522521973], "rmse": 1.0615149588013795, "ndcg@5": 0.7427124313003405}

ProposedModel: {"user_id": 797, "real_score": [4.0, 4.0, 4.0, 5.0, 3.0, 3.0, 5.0, 5.0, 3.0, 4.0], "pred_score": [4.265636444091797, 3.940060615539551, 4.43343448638916, 4.230584621429443, 4.156015396118164, 4.173700332641602, 4.262590408325195, 4.2920050621032715, 4.243929862976074, 4.357271194458008], "rmse": 0.7929690130825264, "ndcg@5": 0.9169288556801312}
BaseModel: {"user_id": 797, "real_score": [5.0, 4.0, 3.0, 4.0, 4.0, 5.0, 3.0, 4.0, 4.0, 4.0], "pred_score": [4.335710525512695, 3.89863657951355, 3.952927827835083, 3.8726418018341064, 3.8232009410858154, 3.9404284954071045, 3.9028072357177734, 4.00563907623291, 3.663989305496216, 4.073583602905273], "rmse": 0.5884901519330595, "ndcg@5": 0.892271417914476}

ProposedModel: {"user_id": 30, "real_score": [4.0, 5.0, 4.0, 4.0, 4.0, 5.0, 4.0, 5.0, 4.0, 4.0], "pred_score": [4.167099952697754, 4.32879638671875, 3.9668660163879395, 4.304091453552246, 4.309237957000732, 4.570817947387695, 4.434323787689209, 4.32879638671875, 4.129383563995361, 4.080292224884033], "rmse": 0.38912335727980896, "ndcg@5": 0.9144829158052251}
BaseModel: {"user_id": 30, "real_score": [4.0, 3.0, 4.0, 4.0, 3.0, 4.0, 4.0, 4.0, 5.0, 5.0], "pred_score": [4.184471130371094, 3.811156749725342, 4.084385871887207, 4.267401218414307, 4.0857038497924805, 4.267401218414307, 3.57393741607666, 4.038018703460693, 4.084385871887207, 4.084385871887207], "rmse": 0.6229413221151481, "ndcg@5": 0.8849628522486781}

ProposedModel: {"user_id": 7866, "real_score": [5.0, 5.0, 4.0, 5.0, 5.0, 5.0, 5.0, 5.0, 5.0, 4.0], "pred_score": [4.041475296020508, 4.336528778076172, 4.0593461990356445, 4.221352577209473, 4.238824844360352, 4.113190650939941, 4.108355522155762, 4.02618408203125, 4.153022766113281, 4.108355522155762], "rmse": 0.7620403295667894, "ndcg@5": 0.829499619589428}
BaseModel: {"user_id": 7866, "real_score": [3.0, 5.0, 4.0, 5.0, 5.0, 4.0, 5.0, 4.0, 4.0, 4.0], "pred_score": [4.296342849731445, 3.40643310546875, 4.090662956237793, 4.097064018249512, 4.17564058303833, 4.245511054992676, 4.296342849731445, 4.357807159423828, 4.351053714752197, 4.245511054992676], "rmse": 0.8117875863958075, "ndcg@5": 0.8061008762008872}

ProposedModel: {"user_id": 843, "real_score": [5.0, 5.0, 5.0, 4.0, 5.0, 4.0, 4.0, 3.0, 5.0, 5.0], "pred_score": [4.272586822509766, 4.204085826873779, 4.46781063079834, 4.277105331420898, 4.315414905548096, 4.054929256439209, 4.002023220062256, 4.249546051025391, 4.06289005279541, 4.362419605255127], "rmse": 0.6957262072838398, "ndcg@5": 0.8559096942224899}
BaseModel: {"user_id": 843, "real_score": [4.0, 3.0, 4.0, 3.0, 5.0, 5.0, 4.0, 5.0, 3.0, 4.0], "pred_score": [4.16912841796875, 4.23411750793457, 4.183089256286621, 4.23411750793457, 4.176730632781982, 4.073105812072754, 4.16912841796875, 4.170079708099365, 4.144279956817627, 4.224656105041504], "rmse": 0.8198989188882135, "ndcg@5": 0.8805472160707024}

ProposedModel: {"user_id": 1253, "real_score": [4.0, 4.0, 3.0, 4.0, 3.0, 4.0, 4.0, 4.0, 4.0, 3.0], "pred_score": [4.223365306854248, 4.207083702087402, 3.890123128890991, 4.102712631225586, 3.9462833404541016, 4.102044105529785, 4.102712631225586, 3.9554901123046875, 4.023014068603516, 3.8196306228637695], "rmse": 0.49863461988325497, "ndcg@5": 1.0176520423560373}
BaseModel: {"user_id": 1253, "real_score": [4.0, 4.0, 5.0, 4.0, 4.0, 5.0, 5.0, 3.0, 5.0, 4.0], "pred_score": [4.226016044616699, 4.084901332855225, 4.460855960845947, 3.832158327102661, 4.000087261199951, 4.304775714874268, 3.9914724826812744, 3.8834903240203857, 4.084901332855225, 4.067582130432129], "rmse": 0.591619080882039, "ndcg@5": 0.8711281344978095}

ProposedModel: {"user_id": 132, "real_score": [5.0, 5.0, 4.0, 4.0, 5.0, 4.0, 3.0, 5.0, 4.0, 5.0], "pred_score": [4.152543544769287, 4.252716064453125, 4.1643548011779785, 4.152543544769287, 4.252716064453125, 4.087124824523926, 4.132425308227539, 4.152543544769287, 4.132425308227539, 4.152543544769287], "rmse": 0.6803829756589395, "ndcg@5": 0.8381932708509701}
BaseModel: {"user_id": 132, "real_score": [3.0, 3.0, 3.0, 3.0, 3.0, 3.0, 3.0, 3.0, 3.0, 3.0], "pred_score": [3.942741870880127, 3.5404152870178223, 3.991495370864868, 3.942741870880127, 4.009877681732178, 3.9823925495147705, 3.9908504486083984, 3.899535655975342, 3.942741870880127, 3.8070878982543945], "rmse": 0.914805249088942, "ndcg@5": 1.3137863245611785}

ProposedModel: {"user_id": 781, "real_score": [4.0, 3.0, 3.0, 5.0, 4.0, 3.0, 5.0, 4.0, 4.0, 5.0], "pred_score": [3.8519861698150635, 3.5553460121154785, 3.6587319374084473, 3.7353835105895996, 3.6398262977600098, 3.823007106781006, 4.108972549438477, 3.8580946922302246, 3.8953239917755127, 3.8916783332824707], "rmse": 0.7227701458229526, "ndcg@5": 0.8215603137593921}
BaseModel: {"user_id": 781, "real_score": [3.0, 5.0, 3.0, 4.0, 3.0, 5.0, 4.0, 5.0, 1.0, 5.0], "pred_score": [3.8179168701171875, 3.881058692932129, 3.621041774749756, 3.926337242126465, 3.852236747741699, 3.8160548210144043, 3.946180820465088, 3.644268035888672, 3.675614356994629, 3.8160548210144043], "rmse": 1.218265779599319, "ndcg@5": 0.7876847919715981}

ProposedModel: {"user_id": 1821, "real_score": [3.0, 4.0, 3.0, 3.0, 4.0, 4.0, 4.0, 4.0, 4.0, 5.0], "pred_score": [4.040303707122803, 4.004836082458496, 4.004836082458496, 3.784473419189453, 4.004836082458496, 3.9895410537719727, 3.7995383739471436, 3.902686595916748, 4.004836082458496, 3.9347445964813232], "rmse": 0.6238532752196658, "ndcg@5": 0.9055205759742638}
BaseModel: {"user_id": 1821, "real_score": [3.0, 5.0, 3.0, 3.0, 4.0, 4.0, 4.0, 5.0, 3.0, 3.0], "pred_score": [4.3000264167785645, 4.175365924835205, 3.9341354370117188, 3.90171480178833, 4.180727481842041, 4.3681864738464355, 3.9438955783843994, 4.291675567626953, 3.777097463607788, 4.376623153686523], "rmse": 0.8501679086332729, "ndcg@5": 0.9203880667232102}

ProposedModel: {"user_id": 717, "real_score": [4.0, 5.0, 4.0, 4.0, 4.0, 4.0, 4.0, 5.0, 4.0, 4.0], "pred_score": [4.2732157707214355, 4.171975135803223, 4.245662689208984, 4.245662689208984, 4.171975135803223, 4.015732288360596, 4.214493274688721, 3.8789517879486084, 3.9261739253997803, 3.9580607414245605], "rmse": 0.4712494967531305, "ndcg@5": 0.8933189606410628}
BaseModel: {"user_id": 717, "real_score": [5.0, 5.0, 5.0, 2.0, 5.0, 5.0, 3.0, 5.0, 4.0, 3.0], "pred_score": [4.4304656982421875, 4.2919487953186035, 4.261716365814209, 4.073487281799316, 4.440646171569824, 4.618020057678223, 4.137143611907959, 4.257944107055664, 4.4902119636535645, 4.440646171569824], "rmse": 1.0143182417337844, "ndcg@5": 0.870772538089258}

ProposedModel: {"user_id": 3727, "real_score": [4.0, 5.0, 3.0, 5.0, 5.0, 5.0, 5.0, 5.0, 5.0, 5.0], "pred_score": [4.368570327758789, 4.208979606628418, 4.295580863952637, 4.052163600921631, 4.661139488220215, 4.114882469177246, 4.155101776123047, 3.9954826831817627, 4.2248101234436035, 4.115016460418701], "rmse": 0.8569575901421173, "ndcg@5": 0.82386311037377}
BaseModel: {"user_id": 3727, "real_score": [5.0, 5.0, 5.0, 4.0, 3.0, 5.0, 4.0, 4.0, 5.0, 5.0], "pred_score": [4.547734260559082, 4.31252384185791, 4.466116428375244, 4.069293022155762, 4.36128568649292, 4.1361613273620605, 4.5750555992126465, 4.115006446838379, 4.304421424865723, 4.429607391357422], "rmse": 0.6869796170649427, "ndcg@5": 0.865932284387179}

ProposedModel: {"user_id": 306, "real_score": [4.0, 4.0, 4.0, 4.0, 4.0, 4.0, 4.0, 4.0, 4.0, 4.0], "pred_score": [3.8111958503723145, 3.886575698852539, 3.7518234252929688, 3.8111958503723145, 3.8732399940490723, 3.8732399940490723, 3.733631134033203, 3.9626059532165527, 3.86259126663208, 3.8007187843322754], "rmse": 0.1757360930190516, "ndcg@5": 0.9618624277785958}
BaseModel: {"user_id": 306, "real_score": [4.0, 4.0, 4.0, 4.0, 4.0, 5.0, 5.0, 4.0, 4.0, 3.0], "pred_score": [3.7428369522094727, 3.8473024368286133, 3.8644304275512695, 3.8644304275512695, 3.566370964050293, 3.8961730003356934, 3.9621500968933105, 3.930116653442383, 3.89992094039917, 4.015926361083984], "rmse": 0.6047159745168101, "ndcg@5": 0.8347975502251014}

ProposedModel: {"user_id": 3331, "real_score": [3.0, 4.0, 4.0, 4.0, 5.0, 4.0, 4.0, 4.0, 5.0, 4.0], "pred_score": [4.163564682006836, 4.300464630126953, 3.900506019592285, 4.15977144241333, 4.300464630126953, 4.055268287658691, 4.163564682006836, 4.163564682006836, 4.141448974609375, 4.163564682006836], "rmse": 0.528144116027495, "ndcg@5": 0.9239248768600511}
BaseModel: {"user_id": 3331, "real_score": [4.0, 3.0, 3.0, 4.0, 4.0, 4.0, 3.0, 3.0, 4.0, 4.0], "pred_score": [3.602416515350342, 4.207350254058838, 3.9760148525238037, 3.960937023162842, 3.7044107913970947, 3.54459285736084, 4.027811050415039, 3.7044107913970947, 3.867044448852539, 3.8545775413513184], "rmse": 0.6675389117068238, "ndcg@5": 0.9519426523011706}

ProposedModel: {"user_id": 3703, "real_score": [4.0, 4.0, 3.0, 4.0, 4.0, 5.0, 4.0, 4.0, 4.0, 4.0], "pred_score": [3.9279251098632812, 4.399956226348877, 3.9579992294311523, 3.965062141418457, 4.041208267211914, 4.086906909942627, 3.999145030975342, 3.9567441940307617, 4.041208267211914, 4.333362579345703], "rmse": 0.4510299987987057, "ndcg@5": 0.93836479498443}
BaseModel: {"user_id": 3703, "real_score": [2.0, 3.0, 5.0, 5.0, 4.0, 3.0, 5.0, 5.0, 3.0, 5.0], "pred_score": [4.25985860824585, 4.180782794952393, 4.139190196990967, 4.180782794952393, 4.051077842712402, 4.180782794952393, 3.9180188179016113, 4.180782794952393, 4.050149440765381, 4.391684532165527], "rmse": 1.1236030064088682, "ndcg@5": 0.8299576154941884}

ProposedModel: {"user_id": 1151, "real_score": [4.0, 4.0, 4.0, 5.0, 4.0, 5.0, 4.0, 3.0, 4.0, 3.0], "pred_score": [4.188625335693359, 4.280329704284668, 4.320562362670898, 4.188625335693359, 4.280096054077148, 4.303038597106934, 4.067276954650879, 4.154411315917969, 4.154411315917969, 4.109964370727539], "rmse": 0.6350210526873782, "ndcg@5": 0.9236221242773452}
BaseModel: {"user_id": 1151, "real_score": [4.0, 4.0, 5.0, 4.0, 4.0, 4.0, 3.0, 5.0, 5.0, 4.0], "pred_score": [4.1461076736450195, 4.145362854003906, 4.027268409729004, 4.145362854003906, 4.2026143074035645, 4.1282501220703125, 4.480412483215332, 4.136322498321533, 3.81840181350708, 4.025665283203125], "rmse": 0.7349631206835848, "ndcg@5": 0.8547290030910459}

ProposedModel: {"user_id": 207, "real_score": [3.0, 5.0, 3.0, 3.0, 4.0, 4.0, 3.0, 4.0, 4.0, 3.0], "pred_score": [4.190532684326172, 4.409982204437256, 4.409982204437256, 4.602006912231445, 4.414394855499268, 4.3246636390686035, 4.101864337921143, 4.280847549438477, 4.4381513595581055, 4.207810878753662], "rmse": 0.9767731706357312, "ndcg@5": 1.0097095666061464}
BaseModel: {"user_id": 207, "real_score": [4.0, 4.0, 4.0, 4.0, 4.0, 3.0, 4.0, 4.0, 4.0, 5.0], "pred_score": [4.145917892456055, 4.126891613006592, 3.984524726867676, 4.145917892456055, 4.059770584106445, 4.056904315948486, 4.044737339019775, 4.191669940948486, 3.8375797271728516, 4.165890693664551], "rmse": 0.440499902782581, "ndcg@5": 0.9357547165595461}

ProposedModel: {"user_id": 4672, "real_score": [5.0, 4.0, 3.0, 5.0, 5.0, 5.0, 4.0, 5.0, 4.0, 3.0], "pred_score": [4.605478286743164, 4.42169189453125, 4.211943626403809, 4.186246871948242, 4.42169189453125, 4.530855655670166, 4.365630149841309, 4.121668815612793, 4.332891464233398, 4.332891464233398], "rmse": 0.7623369886908098, "ndcg@5": 0.8820447486469325}
BaseModel: {"user_id": 4672, "real_score": [4.0, 5.0, 3.0, 3.0, 4.0, 3.0, 4.0, 4.0, 5.0, 4.0], "pred_score": [3.7195866107940674, 3.6326606273651123, 3.6310884952545166, 3.7195866107940674, 3.799501419067383, 3.9149205684661865, 3.9931421279907227, 3.7189478874206543, 3.6326606273651123, 4.036514759063721], "rmse": 0.754426490082056, "ndcg@5": 0.8296282707225956}

ProposedModel: {"user_id": 67, "real_score": [4.0, 3.0, 5.0, 4.0, 5.0, 5.0, 5.0, 4.0, 5.0, 5.0], "pred_score": [4.26633358001709, 4.198886394500732, 4.111015319824219, 4.1779069900512695, 4.378480434417725, 4.181919097900391, 4.157380104064941, 4.28272008895874, 4.158102035522461, 4.181919097900391], "rmse": 0.7452340090705061, "ndcg@5": 0.8481889274099202}
BaseModel: {"user_id": 67, "real_score": [5.0, 5.0, 5.0, 5.0, 5.0, 5.0, 5.0, 5.0, 5.0, 5.0], "pred_score": [4.855447769165039, 4.30472993850708, 4.395371437072754, 4.194356441497803, 4.421586513519287, 4.376640796661377, 4.14604377746582, 4.30472993850708, 4.386341571807861, 4.30472993850708], "rmse": 0.6568630397807552, "ndcg@5": 0.8614166915316052}

ProposedModel: {"user_id": 789, "real_score": [3.0, 4.0, 4.0, 5.0, 4.0, 4.0, 4.0, 5.0, 4.0, 4.0], "pred_score": [4.06997537612915, 4.18089485168457, 4.091308116912842, 3.899876117706299, 3.996091842651367, 4.362013816833496, 4.1986236572265625, 4.049007892608643, 4.18089485168457, 3.899876117706299], "rmse": 0.5927760267122586, "ndcg@5": 0.8851333333498281}
BaseModel: {"user_id": 789, "real_score": [4.0, 4.0, 3.0, 4.0, 5.0, 4.0, 4.0, 5.0, 5.0, 5.0], "pred_score": [4.3136067390441895, 4.539778232574463, 4.283446311950684, 4.040849685668945, 4.856865406036377, 4.442284107208252, 4.040849685668945, 4.212064743041992, 4.76837158203125, 4.331217288970947], "rmse": 0.5812184335484297, "ndcg@5": 0.9224069015372096}

ProposedModel: {"user_id": 121, "real_score": [4.0, 4.0, 5.0, 5.0, 3.0, 3.0, 3.0, 5.0, 5.0, 5.0], "pred_score": [4.046519756317139, 3.8624277114868164, 4.066618919372559, 3.854215621948242, 4.45033597946167, 3.905242681503296, 4.167383193969727, 3.8624277114868164, 4.198352813720703, 4.120484352111816], "rmse": 0.9592232028020821, "ndcg@5": 0.8025700671984423}
BaseModel: {"user_id": 121, "real_score": [4.0, 5.0, 4.0, 5.0, 4.0, 5.0, 3.0, 4.0, 3.0, 5.0], "pred_score": [3.954782009124756, 4.092609405517578, 3.954782009124756, 4.153896808624268, 4.07204008102417, 4.084260940551758, 4.153896808624268, 4.07204008102417, 4.060301780700684, 4.031386852264404], "rmse": 0.760672373867551, "ndcg@5": 0.84071544652681}

ProposedModel: {"user_id": 3382, "real_score": [5.0, 4.0, 4.0, 4.0, 4.0, 5.0, 5.0, 4.0, 4.0, 5.0], "pred_score": [3.7350172996520996, 3.808375120162964, 3.808375120162964, 3.937427520751953, 3.482058525085449, 3.937427520751953, 3.8638508319854736, 3.937427520751953, 3.7350172996520996, 3.8638508319854736], "rmse": 0.757011304657555, "ndcg@5": 0.7839889715648972}
BaseModel: {"user_id": 3382, "real_score": [3.0, 4.0, 5.0, 5.0, 3.0, 5.0, 4.0, 5.0, 5.0, 4.0], "pred_score": [3.6816537380218506, 3.917738676071167, 4.132698059082031, 4.020877838134766, 4.009307861328125, 3.928983449935913, 3.6816537380218506, 3.8622851371765137, 4.142662525177002, 4.142662525177002], "rmse": 0.8061767426558335, "ndcg@5": 0.8072065485239193}

ProposedModel: {"user_id": 3445, "real_score": [5.0, 3.0, 4.0, 4.0, 4.0, 5.0, 3.0, 5.0, 4.0, 2.0], "pred_score": [4.22841739654541, 4.305466175079346, 4.387659072875977, 4.2477617263793945, 4.387659072875977, 4.096112251281738, 4.14253568649292, 4.387659072875977, 4.387659072875977, 4.387659072875977], "rmse": 1.0492894811357674, "ndcg@5": 0.9071476037019096}
BaseModel: {"user_id": 3445, "real_score": [4.0, 4.0, 5.0, 4.0, 4.0, 5.0, 4.0, 2.0, 5.0, 3.0], "pred_score": [4.599538803100586, 4.647763729095459, 4.281542778015137, 4.647763729095459, 4.647763729095459, 4.492789268493652, 4.715817928314209, 4.647763729095459, 4.647763729095459, 4.1687164306640625], "rmse": 1.0679279132617445, "ndcg@5": 0.954367369456266}

ProposedModel: {"user_id": 1525, "real_score": [3.0, 5.0, 4.0, 4.0, 2.0, 4.0, 4.0, 4.0, 4.0, 3.0], "pred_score": [4.035282611846924, 4.003695487976074, 3.9146714210510254, 4.035282611846924, 4.035282611846924, 4.059266090393066, 4.2520623207092285, 3.7200911045074463, 4.14438009262085, 3.9477875232696533], "rmse": 0.8532219911991656, "ndcg@5": 0.929843017055456}
BaseModel: {"user_id": 1525, "real_score": [3.0, 4.0, 5.0, 5.0, 5.0, 5.0, 4.0, 5.0, 5.0, 5.0], "pred_score": [4.32435417175293, 4.390605449676514, 4.390605449676514, 4.234866619110107, 4.406393051147461, 4.390605449676514, 4.495179176330566, 4.7086663246154785, 4.390605449676514, 4.425062656402588], "rmse": 0.6796323161907475, "ndcg@5": 0.8908835464256869}

ProposedModel: {"user_id": 30, "real_score": [4.0, 5.0, 4.0, 4.0, 4.0, 5.0, 4.0, 5.0, 4.0, 4.0], "pred_score": [4.167099952697754, 4.32879638671875, 3.9668660163879395, 4.304091453552246, 4.309237957000732, 4.570817947387695, 4.434323787689209, 4.32879638671875, 4.129383563995361, 4.080292224884033], "rmse": 0.38912335727980896, "ndcg@5": 0.9144829158052251}
BaseModel: {"user_id": 30, "real_score": [4.0, 4.0, 5.0, 5.0, 5.0, 4.0, 5.0, 5.0, 5.0, 4.0], "pred_score": [4.261402606964111, 3.854213237762451, 4.044677734375, 4.0562944412231445, 4.0562944412231445, 4.133399486541748, 4.044677734375, 4.189263820648193, 4.044677734375, 3.9868531227111816], "rmse": 0.7269063566599838, "ndcg@5": 0.8144445851586621}

ProposedModel: {"user_id": 1736, "real_score": [3.0, 4.0, 4.0, 4.0, 4.0, 4.0, 3.0, 3.0, 5.0, 4.0], "pred_score": [4.063791275024414, 3.890232801437378, 3.728224515914917, 3.840324640274048, 3.890195608139038, 3.9530396461486816, 4.063791275024414, 4.021917819976807, 4.240906238555908, 3.749901294708252], "rmse": 0.6381271092139944, "ndcg@5": 0.9026536634635781}
BaseModel: {"user_id": 1736, "real_score": [3.0, 4.0, 4.0, 4.0, 4.0, 4.0, 5.0, 4.0, 5.0, 5.0], "pred_score": [4.4949564933776855, 4.269721984863281, 4.443029403686523, 4.066656112670898, 4.152421474456787, 4.34673547744751, 4.019623756408691, 4.013553142547607, 4.394830226898193, 4.385694980621338], "rmse": 0.660056315425322, "ndcg@5": 0.896171672821242}

ProposedModel: {"user_id": 214, "real_score": [5.0, 4.0, 4.0, 5.0, 3.0, 5.0, 5.0, 4.0, 5.0, 5.0], "pred_score": [3.842658519744873, 3.6453146934509277, 3.508737802505493, 3.7286486625671387, 3.8115410804748535, 3.9104366302490234, 3.9104366302490234, 3.6453146934509277, 3.729135274887085, 3.8517394065856934], "rmse": 0.9703200753080591, "ndcg@5": 0.7629195244462581}
BaseModel: {"user_id": 214, "real_score": [3.0, 3.0, 4.0, 4.0, 3.0, 4.0, 4.0, 4.0, 5.0, 5.0], "pred_score": [3.9275941848754883, 3.8953800201416016, 3.705252170562744, 4.026174545288086, 3.9275941848754883, 4.031706809997559, 3.9249391555786133, 3.7178258895874023, 3.9590959548950195, 4.122261047363281], "rmse": 0.6745589121999963, "ndcg@5": 0.8690489299535227}

ProposedModel: {"user_id": 2012, "real_score": [5.0, 4.0, 3.0, 4.0, 5.0, 3.0, 4.0, 4.0, 5.0, 4.0], "pred_score": [4.09282922744751, 4.099236965179443, 4.151377201080322, 3.845463514328003, 3.985250234603882, 4.098369121551514, 4.1288676261901855, 4.066886901855469, 4.030381679534912, 3.842001438140869], "rmse": 0.7351662046303772, "ndcg@5": 0.8519184726592454}
BaseModel: {"user_id": 2012, "real_score": [4.0, 5.0, 5.0, 4.0, 5.0, 5.0, 5.0, 5.0, 5.0, 5.0], "pred_score": [4.168449401855469, 4.1360955238342285, 4.42081880569458, 4.246641159057617, 4.226351261138916, 4.369479179382324, 4.246641159057617, 4.168449401855469, 4.56102991104126, 4.168449401855469], "rmse": 0.6565268250568255, "ndcg@5": 0.8621412503362963}

ProposedModel: {"user_id": 7866, "real_score": [5.0, 5.0, 4.0, 5.0, 5.0, 5.0, 5.0, 5.0, 5.0, 4.0], "pred_score": [4.041475296020508, 4.336528778076172, 4.0593461990356445, 4.221352577209473, 4.238824844360352, 4.113190650939941, 4.108355522155762, 4.02618408203125, 4.153022766113281, 4.108355522155762], "rmse": 0.7620403295667894, "ndcg@5": 0.829499619589428}
BaseModel: {"user_id": 7866, "real_score": [4.0, 3.0, 5.0, 3.0, 3.0, 4.0, 5.0, 5.0, 4.0, 5.0], "pred_score": [3.860854148864746, 3.939230442047119, 3.866764545440674, 3.7027058601379395, 4.040167331695557, 4.051119804382324, 4.040167331695557, 3.9323811531066895, 3.932558536529541, 3.8596267700195312], "rmse": 0.8444041083208377, "ndcg@5": 0.8058814554371003}

ProposedModel: {"user_id": 7866, "real_score": [5.0, 5.0, 4.0, 5.0, 5.0, 5.0, 5.0, 5.0, 5.0, 4.0], "pred_score": [4.041475296020508, 4.336528778076172, 4.0593461990356445, 4.221352577209473, 4.238824844360352, 4.113190650939941, 4.108355522155762, 4.02618408203125, 4.153022766113281, 4.108355522155762], "rmse": 0.7620403295667894, "ndcg@5": 0.829499619589428}
BaseModel: {"user_id": 7866, "real_score": [3.0, 4.0, 4.0, 3.0, 4.0, 3.0, 4.0, 5.0, 4.0, 5.0], "pred_score": [4.228208065032959, 4.096433162689209, 4.506118297576904, 4.2941765785217285, 4.290517330169678, 4.491067886352539, 4.411006450653076, 4.389704704284668, 4.395182132720947, 4.746726036071777], "rmse": 0.8073555500636614, "ndcg@5": 0.9681800694834326}

ProposedModel: {"user_id": 1773, "real_score": [4.0, 3.0, 5.0, 5.0, 4.0, 4.0, 3.0, 5.0, 5.0, 3.0], "pred_score": [3.577376127243042, 3.7340524196624756, 3.7170445919036865, 3.7170445919036865, 3.808873176574707, 3.9185397624969482, 3.846928596496582, 3.7000176906585693, 3.846928596496582, 3.7646875381469727], "rmse": 0.915102277626052, "ndcg@5": 0.7734498111109699}
BaseModel: {"user_id": 1773, "real_score": [4.0, 4.0, 4.0, 5.0, 3.0, 3.0, 5.0, 3.0, 4.0, 5.0], "pred_score": [3.8593897819519043, 4.080522060394287, 4.469325542449951, 4.041276454925537, 4.156536102294922, 4.156536102294922, 4.451419353485107, 3.8887486457824707, 3.9860036373138428, 4.263171672821045], "rmse": 0.7399155627225, "ndcg@5": 0.9056306458494678}

ProposedModel: {"user_id": 95, "real_score": [4.0, 5.0, 4.0, 5.0, 5.0, 5.0, 5.0, 4.0, 4.0, 4.0], "pred_score": [4.477583408355713, 4.282154560089111, 4.029609203338623, 4.238526344299316, 4.314035892486572, 4.408057689666748, 4.45120096206665, 4.37521505355835, 4.37521505355835, 4.37521505355835], "rmse": 0.535592089635696, "ndcg@5": 0.8637590738854928}
BaseModel: {"user_id": 95, "real_score": [3.0, 5.0, 5.0, 4.0, 5.0, 5.0, 5.0, 4.0, 3.0, 3.0], "pred_score": [4.15981912612915, 4.043989658355713, 4.043989658355713, 3.6803393363952637, 4.028191566467285, 4.15981912612915, 3.89845871925354, 3.6803393363952637, 4.099706172943115, 3.9690730571746826], "rmse": 0.9159488287608739, "ndcg@5": 0.8078270474774576}

ProposedModel: {"user_id": 3703, "real_score": [4.0, 4.0, 3.0, 4.0, 4.0, 5.0, 4.0, 4.0, 4.0, 4.0], "pred_score": [3.9279251098632812, 4.399956226348877, 3.9579992294311523, 3.965062141418457, 4.041208267211914, 4.086906909942627, 3.999145030975342, 3.9567441940307617, 4.041208267211914, 4.333362579345703], "rmse": 0.4510299987987057, "ndcg@5": 0.93836479498443}
BaseModel: {"user_id": 3703, "real_score": [3.0, 4.0, 4.0, 5.0, 5.0, 3.0, 4.0, 4.0, 4.0, 4.0], "pred_score": [3.8606016635894775, 3.9821455478668213, 3.851951837539673, 3.8091108798980713, 3.642080545425415, 3.9920780658721924, 3.6111931800842285, 3.9089105129241943, 3.933664321899414, 3.9435627460479736], "rmse": 0.7194655629678823, "ndcg@5": 0.8403258764025645}

ProposedModel: {"user_id": 1651, "real_score": [3.0, 5.0, 4.0, 4.0, 4.0, 5.0, 4.0, 4.0, 5.0, 3.0], "pred_score": [3.9426722526550293, 3.9524426460266113, 3.614514112472534, 3.853543281555176, 3.96238112449646, 4.375293254852295, 3.5455684661865234, 3.9513683319091797, 3.853605270385742, 3.9513683319091797], "rmse": 0.7054024370526688, "ndcg@5": 0.838668966628684}
BaseModel: {"user_id": 1651, "real_score": [4.0, 5.0, 5.0, 4.0, 4.0, 4.0, 5.0, 5.0, 4.0, 4.0], "pred_score": [4.0761518478393555, 4.24503231048584, 4.248499393463135, 3.892038345336914, 3.7924301624298096, 4.492340564727783, 4.050968647003174, 4.145928382873535, 4.020539283752441, 4.225351810455322], "rmse": 0.5584776430905997, "ndcg@5": 0.861775207365925}

ProposedModel: {"user_id": 2306, "real_score": [4.0, 5.0, 5.0, 4.0, 4.0, 5.0, 5.0, 5.0, 5.0, 5.0], "pred_score": [4.421128273010254, 4.421128273010254, 4.421128273010254, 4.421128273010254, 4.540309906005859, 4.421128273010254, 4.421128273010254, 4.421128273010254, 4.421128273010254, 4.421128273010254], "rmse": 0.5470174059059917, "ndcg@5": 0.8842256546020508}
BaseModel: {"user_id": 2306, "real_score": [3.0, 4.0, 5.0, 4.0, 4.0, 5.0, 4.0, 4.0, 5.0, 4.0], "pred_score": [3.7211248874664307, 3.7581920623779297, 3.788278102874756, 3.7211248874664307, 3.445591688156128, 3.7758493423461914, 3.7211248874664307, 3.7581920623779297, 3.5869333744049072, 3.596302032470703], "rmse": 0.7890766255842305, "ndcg@5": 0.7889337102734052}

ProposedModel: {"user_id": 8, "real_score": [4.0, 4.0, 3.0, 4.0, 4.0, 5.0, 4.0, 3.0, 3.0, 4.0], "pred_score": [3.942373752593994, 4.052743434906006, 3.7619502544403076, 4.131968975067139, 4.052743434906006, 4.196449279785156, 3.890476942062378, 4.052743434906006, 3.890476942062378, 3.8087663650512695], "rmse": 0.5658927431318399, "ndcg@5": 0.9329616830390466}
BaseModel: {"user_id": 8, "real_score": [5.0, 3.0, 4.0, 4.0, 4.0, 4.0, 3.0, 3.0, 4.0, 3.0], "pred_score": [4.135237216949463, 4.073209762573242, 4.080695629119873, 4.016645908355713, 3.8779239654541016, 4.073209762573242, 3.717771530151367, 3.9086718559265137, 3.884629726409912, 3.9086718559265137], "rmse": 0.6408213570355776, "ndcg@5": 0.927433808545969}

ProposedModel: {"user_id": 381, "real_score": [5.0, 5.0, 5.0, 5.0, 5.0, 5.0, 4.0, 5.0, 5.0, 5.0], "pred_score": [4.3672075271606445, 4.164676666259766, 4.232802867889404, 4.008030891418457, 4.116568088531494, 4.574509143829346, 3.9959263801574707, 4.116568088531494, 4.30712366104126, 4.149775981903076], "rmse": 0.7493802132317792, "ndcg@5": 0.8493504733353885}
BaseModel: {"user_id": 381, "real_score": [5.0, 5.0, 5.0, 5.0, 4.0, 5.0, 5.0, 5.0, 5.0, 5.0], "pred_score": [4.405656814575195, 4.3546953201293945, 4.265957832336426, 4.4378838539123535, 4.3546953201293945, 4.369207859039307, 3.5658164024353027, 4.148735523223877, 4.265957832336426, 4.053298473358154], "rmse": 0.7977942606077121, "ndcg@5": 0.82067498486559}

ProposedModel: {"user_id": 1875, "real_score": [4.0, 4.0, 5.0, 4.0, 3.0, 5.0, 5.0, 4.0, 4.0, 4.0], "pred_score": [3.9560658931732178, 3.9951817989349365, 3.9382495880126953, 3.9951817989349365, 3.9735779762268066, 3.9104557037353516, 3.7208564281463623, 3.8767759799957275, 3.7972519397735596, 3.4431750774383545], "rmse": 0.7257275038940544, "ndcg@5": 0.8067130040715123}
BaseModel: {"user_id": 1875, "real_score": [5.0, 3.0, 5.0, 3.0, 5.0, 5.0, 3.0, 4.0, 3.0, 3.0], "pred_score": [3.717397689819336, 4.077174186706543, 4.06158447265625, 4.025416851043701, 3.985687255859375, 3.923344612121582, 3.9263486862182617, 3.9073901176452637, 3.717397689819336, 3.6425557136535645], "rmse": 0.9337949017372268, "ndcg@5": 0.7992852166223997}

ProposedModel: {"user_id": 6328, "real_score": [4.0, 5.0, 4.0, 4.0, 5.0, 3.0, 3.0, 4.0, 4.0, 3.0], "pred_score": [4.219656467437744, 4.082612991333008, 4.1688032150268555, 4.2220563888549805, 4.1688032150268555, 4.154239654541016, 4.219656467437744, 4.2091264724731445, 4.1688032150268555, 4.219656467437744], "rmse": 0.7770560800990862, "ndcg@5": 0.9129634523896695}
BaseModel: {"user_id": 6328, "real_score": [4.0, 5.0, 4.0, 5.0, 5.0, 4.0, 4.0, 5.0, 3.0, 4.0], "pred_score": [4.228798866271973, 4.214559555053711, 4.258812427520752, 4.214559555053711, 4.269342422485352, 4.082343578338623, 4.126511573791504, 4.053767681121826, 3.8492586612701416, 3.8492586612701416], "rmse": 0.5957458480773523, "ndcg@5": 0.8528668324843548}

ProposedModel: {"user_id": 408, "real_score": [5.0, 4.0, 5.0, 4.0, 4.0, 4.0, 4.0, 5.0, 4.0, 5.0], "pred_score": [4.111752033233643, 3.8845715522766113, 4.102890968322754, 4.088500499725342, 4.375075340270996, 4.352351188659668, 4.270027160644531, 4.005507946014404, 4.254098892211914, 4.428714752197266], "rmse": 0.5772902416164394, "ndcg@5": 0.8532334096792147}
BaseModel: {"user_id": 408, "real_score": [2.0, 4.0, 3.0, 5.0, 3.0, 4.0, 5.0, 4.0, 5.0, 3.0], "pred_score": [4.040110111236572, 4.102676868438721, 3.8767104148864746, 3.9831230640411377, 3.846615791320801, 3.8614745140075684, 4.148855686187744, 4.069050312042236, 3.9831230640411377, 4.040110111236572], "rmse": 0.9775623238736968, "ndcg@5": 0.8464915531550851}

ProposedModel: {"user_id": 1376, "real_score": [4.0, 4.0, 4.0, 2.0, 5.0, 5.0, 5.0, 5.0, 4.0, 3.0], "pred_score": [3.786565065383911, 3.957829236984253, 3.786565065383911, 3.931403875350952, 3.859734535217285, 3.9529855251312256, 4.076064109802246, 3.957829236984253, 3.724153757095337, 3.867583990097046], "rmse": 0.948062396462738, "ndcg@5": 0.8036719280028208}
BaseModel: {"user_id": 1376, "real_score": [5.0, 5.0, 5.0, 5.0, 3.0, 5.0, 5.0, 3.0, 5.0, 3.0], "pred_score": [4.436659336090088, 4.3886895179748535, 4.1530961990356445, 4.311447620391846, 4.146483898162842, 4.550899982452393, 4.197484970092773, 4.311447620391846, 4.103323459625244, 4.301428318023682], "rmse": 0.9088558681585057, "ndcg@5": 0.8508788386071403}

ProposedModel: {"user_id": 1315, "real_score": [5.0, 4.0, 4.0, 4.0, 5.0, 4.0, 4.0, 4.0, 4.0, 4.0], "pred_score": [4.470520973205566, 4.34494161605835, 4.454813480377197, 4.34494161605835, 4.351402282714844, 4.480067729949951, 4.050936222076416, 4.044341087341309, 4.454813480377197, 4.504049777984619], "rmse": 0.42916185999774165, "ndcg@5": 0.9608441967484708}
BaseModel: {"user_id": 1315, "real_score": [3.0, 4.0, 3.0, 4.0, 4.0, 3.0, 4.0, 3.0, 4.0, 5.0], "pred_score": [3.908676862716675, 3.925938844680786, 3.791102409362793, 3.925938844680786, 4.143789768218994, 4.405203342437744, 3.925938844680786, 3.9583547115325928, 4.03611421585083, 4.122532844543457], "rmse": 0.7178411957813788, "ndcg@5": 0.9251659366826981}

ProposedModel: {"user_id": 1662, "real_score": [5.0, 5.0, 5.0, 5.0, 5.0, 5.0, 4.0, 5.0, 5.0, 4.0], "pred_score": [4.04363489151001, 4.172728538513184, 4.195852279663086, 4.163121700286865, 3.953439474105835, 3.8914988040924072, 4.183504581451416, 4.172728538513184, 4.099691867828369, 4.099691867828369], "rmse": 0.8251448215183663, "ndcg@5": 0.8130543368465231}
BaseModel: {"user_id": 1662, "real_score": [4.0, 4.0, 5.0, 3.0, 5.0, 3.0, 4.0, 5.0, 3.0, 5.0], "pred_score": [3.89094877243042, 3.849372386932373, 3.89094877243042, 3.8283820152282715, 3.7828421592712402, 3.7713208198547363, 3.519814968109131, 3.872711181640625, 3.519814968109131, 3.882535934448242], "rmse": 0.8394934345009074, "ndcg@5": 0.7807087486989767}

ProposedModel: {"user_id": 1315, "real_score": [5.0, 4.0, 4.0, 4.0, 5.0, 4.0, 4.0, 4.0, 4.0, 4.0], "pred_score": [4.470520973205566, 4.34494161605835, 4.454813480377197, 4.34494161605835, 4.351402282714844, 4.480067729949951, 4.050936222076416, 4.044341087341309, 4.454813480377197, 4.504049777984619], "rmse": 0.42916185999774165, "ndcg@5": 0.9608441967484708}
BaseModel: {"user_id": 1315, "real_score": [4.0, 3.0, 5.0, 3.0, 5.0, 3.0, 4.0, 5.0, 4.0, 3.0], "pred_score": [3.836254119873047, 4.019709587097168, 3.673159122467041, 4.160951614379883, 4.13015604019165, 4.113948822021484, 4.045207977294922, 4.038094997406006, 3.751406669616699, 4.018896102905273], "rmse": 0.9055219224880621, "ndcg@5": 0.8252890074113588}

ProposedModel: {"user_id": 1662, "real_score": [5.0, 5.0, 5.0, 5.0, 5.0, 5.0, 4.0, 5.0, 5.0, 4.0], "pred_score": [4.04363489151001, 4.172728538513184, 4.195852279663086, 4.163121700286865, 3.953439474105835, 3.8914988040924072, 4.183504581451416, 4.172728538513184, 4.099691867828369, 4.099691867828369], "rmse": 0.8251448215183663, "ndcg@5": 0.8130543368465231}
BaseModel: {"user_id": 1662, "real_score": [4.0, 4.0, 3.0, 3.0, 3.0, 4.0, 3.0, 4.0, 4.0, 4.0], "pred_score": [4.166247844696045, 4.090123176574707, 3.947789192199707, 3.8732573986053467, 3.7783405780792236, 4.062115669250488, 3.9023096561431885, 4.132656097412109, 4.0601911544799805, 4.088701248168945], "rmse": 0.5612100273884857, "ndcg@5": 1.0216960016193488}

ProposedModel: {"user_id": 79, "real_score": [5.0, 5.0, 3.0, 3.0, 4.0, 5.0, 5.0, 4.0, 4.0, 4.0], "pred_score": [4.625669002532959, 4.45403528213501, 4.344023704528809, 4.344023704528809, 4.344023704528809, 4.413719177246094, 4.344023704528809, 4.125644683837891, 4.318950653076172, 4.434933185577393], "rmse": 0.7245733863962381, "ndcg@5": 0.9215492479226366}
BaseModel: {"user_id": 79, "real_score": [3.0, 4.0, 5.0, 5.0, 4.0, 5.0, 3.0, 5.0, 5.0, 4.0], "pred_score": [3.4553768634796143, 3.8576650619506836, 3.755748748779297, 3.6422159671783447, 3.688502311706543, 3.697005271911621, 3.9194161891937256, 3.688502311706543, 3.4229929447174072, 3.9194161891937256], "rmse": 1.0233762300511198, "ndcg@5": 0.733602148184497}

ProposedModel: {"user_id": 400, "real_score": [4.0, 4.0, 4.0, 4.0, 4.0, 5.0, 3.0, 4.0, 4.0, 5.0], "pred_score": [4.349071025848389, 4.473601818084717, 4.323484420776367, 4.09705114364624, 4.450074672698975, 4.349071025848389, 4.227043151855469, 4.986509323120117, 4.09705114364624, 4.349071025848389], "rmse": 0.6323329144325471, "ndcg@5": 0.9783590746191831}
BaseModel: {"user_id": 400, "real_score": [5.0, 4.0, 4.0, 4.0, 4.0, 4.0, 5.0, 5.0, 4.0, 4.0], "pred_score": [3.9681859016418457, 3.938447952270508, 4.249414920806885, 3.8323378562927246, 4.01805305480957, 4.364478588104248, 4.01805305480957, 4.01805305480957, 3.938447952270508, 4.066463947296143], "rmse": 0.5682045112759744, "ndcg@5": 0.8460926137422182}

ProposedModel: {"user_id": 182, "real_score": [4.0, 5.0, 3.0, 4.0, 4.0, 5.0, 4.0, 4.0, 5.0, 3.0], "pred_score": [4.037167549133301, 3.9674105644226074, 4.288395881652832, 4.1733717918396, 4.115175724029541, 3.7220239639282227, 4.188539505004883, 4.073915004730225, 4.098343849182129, 4.062425136566162], "rmse": 0.7991792238367351, "ndcg@5": 0.8438210955324114}
BaseModel: {"user_id": 182, "real_score": [4.0, 5.0, 5.0, 4.0, 4.0, 4.0, 2.0, 4.0, 4.0, 4.0], "pred_score": [4.2288126945495605, 3.915553331375122, 4.126826763153076, 4.031485557556152, 3.931166887283325, 4.031485557556152, 3.6339142322540283, 3.88559627532959, 4.031485557556152, 3.901987314224243], "rmse": 0.6849009848474659, "ndcg@5": 0.8721083207044229}

ProposedModel: {"user_id": 67, "real_score": [4.0, 3.0, 5.0, 4.0, 5.0, 5.0, 5.0, 4.0, 5.0, 5.0], "pred_score": [4.26633358001709, 4.198886394500732, 4.111015319824219, 4.1779069900512695, 4.378480434417725, 4.181919097900391, 4.157380104064941, 4.28272008895874, 4.158102035522461, 4.181919097900391], "rmse": 0.7452340090705061, "ndcg@5": 0.8481889274099202}
BaseModel: {"user_id": 67, "real_score": [5.0, 5.0, 4.0, 5.0, 3.0, 5.0, 3.0, 4.0, 5.0, 5.0], "pred_score": [4.197282314300537, 3.91099214553833, 3.9773991107940674, 4.1929426193237305, 4.204184532165527, 3.9773991107940674, 4.364847183227539, 4.364847183227539, 3.9773991107940674, 4.069737434387207], "rmse": 0.9425996995299354, "ndcg@5": 0.8026230236017537}

ProposedModel: {"user_id": 132, "real_score": [5.0, 5.0, 4.0, 4.0, 5.0, 4.0, 3.0, 5.0, 4.0, 5.0], "pred_score": [4.152543544769287, 4.252716064453125, 4.1643548011779785, 4.152543544769287, 4.252716064453125, 4.087124824523926, 4.132425308227539, 4.152543544769287, 4.132425308227539, 4.152543544769287], "rmse": 0.6803829756589395, "ndcg@5": 0.8381932708509701}
BaseModel: {"user_id": 132, "real_score": [5.0, 4.0, 4.0, 4.0, 5.0, 5.0, 4.0, 4.0, 5.0, 3.0], "pred_score": [4.181095123291016, 4.390563488006592, 4.015462875366211, 4.390563488006592, 4.15032958984375, 3.915804386138916, 4.181095123291016, 4.390563488006592, 4.2317352294921875, 4.102991104125977], "rmse": 0.6975312995724344, "ndcg@5": 0.8558102559349268}

ProposedModel: {"user_id": 214, "real_score": [5.0, 4.0, 4.0, 5.0, 3.0, 5.0, 5.0, 4.0, 5.0, 5.0], "pred_score": [3.842658519744873, 3.6453146934509277, 3.508737802505493, 3.7286486625671387, 3.8115410804748535, 3.9104366302490234, 3.9104366302490234, 3.6453146934509277, 3.729135274887085, 3.8517394065856934], "rmse": 0.9703200753080591, "ndcg@5": 0.7629195244462581}
BaseModel: {"user_id": 214, "real_score": [3.0, 4.0, 4.0, 4.0, 5.0, 5.0, 4.0, 4.0, 4.0, 4.0], "pred_score": [4.1047139167785645, 4.1047139167785645, 4.34803581237793, 3.807837724685669, 4.237570762634277, 4.317404747009277, 3.693912982940674, 3.9050731658935547, 4.514006614685059, 4.072664260864258], "rmse": 0.5299840597688624, "ndcg@5": 0.9261751512596579}

ProposedModel: {"user_id": 6032, "real_score": [5.0, 5.0, 4.0, 4.0, 4.0, 4.0, 5.0, 4.0, 5.0, 3.0], "pred_score": [4.317847728729248, 4.336539268493652, 4.392755031585693, 4.299294471740723, 4.466548442840576, 4.435981273651123, 4.392755031585693, 4.435981273651123, 4.368801593780518, 4.279529094696045], "rmse": 0.64432328076751, "ndcg@5": 0.8951889115852719}
BaseModel: {"user_id": 6032, "real_score": [3.0, 3.0, 3.0, 4.0, 3.0, 4.0, 4.0, 5.0, 4.0, 4.0], "pred_score": [3.9538373947143555, 3.9407761096954346, 4.197708606719971, 3.9045510292053223, 4.122595310211182, 4.185636043548584, 4.248899459838867, 3.9407761096954346, 4.070703983306885, 4.070703983306885], "rmse": 0.7567739153644123, "ndcg@5": 0.9508251301046566}

ProposedModel: {"user_id": 2291, "real_score": [5.0, 4.0, 4.0, 5.0, 4.0, 5.0, 4.0, 4.0, 5.0, 5.0], "pred_score": [3.611786365509033, 3.7948553562164307, 4.059667110443115, 3.611786365509033, 3.7948553562164307, 3.5688881874084473, 3.2603726387023926, 3.946044921875, 3.8339784145355225, 3.709517240524292], "rmse": 0.9780079634484596, "ndcg@5": 0.7299579402089998}
BaseModel: {"user_id": 2291, "real_score": [5.0, 5.0, 5.0, 5.0, 5.0, 3.0, 5.0, 5.0, 5.0, 5.0], "pred_score": [3.9178411960601807, 4.055600166320801, 3.4800493717193604, 3.8031013011932373, 3.965606689453125, 4.0644917488098145, 4.124166965484619, 4.0644917488098145, 4.033548355102539, 3.893002510070801], "rmse": 1.0867667016886517, "ndcg@5": 0.8033406878349463}

ProposedModel: {"user_id": 1821, "real_score": [3.0, 4.0, 3.0, 3.0, 4.0, 4.0, 4.0, 4.0, 4.0, 5.0], "pred_score": [4.040303707122803, 4.004836082458496, 4.004836082458496, 3.784473419189453, 4.004836082458496, 3.9895410537719727, 3.7995383739471436, 3.902686595916748, 4.004836082458496, 3.9347445964813232], "rmse": 0.6238532752196658, "ndcg@5": 0.9055205759742638}
BaseModel: {"user_id": 1821, "real_score": [4.0, 5.0, 5.0, 5.0, 3.0, 5.0, 5.0, 5.0, 4.0, 4.0], "pred_score": [3.903097152709961, 3.9103174209594727, 3.7209572792053223, 3.7209572792053223, 3.903097152709961, 4.018451690673828, 4.316649913787842, 4.184353828430176, 3.8642773628234863, 4.118250370025635], "rmse": 0.8609512438776145, "ndcg@5": 0.7838436464685901}

ProposedModel: {"user_id": 235, "real_score": [4.0, 5.0, 3.0, 3.0, 3.0, 3.0, 3.0, 3.0, 4.0, 3.0], "pred_score": [4.172497749328613, 4.277829170227051, 4.091535568237305, 4.091535568237305, 3.9623630046844482, 3.740821123123169, 4.091535568237305, 4.091535568237305, 4.313028335571289, 4.091535568237305], "rmse": 0.8989705701918247, "ndcg@5": 1.0318387248114362}
BaseModel: {"user_id": 235, "real_score": [3.0, 4.0, 3.0, 4.0, 4.0, 4.0, 3.0, 5.0, 2.0, 4.0], "pred_score": [3.842548370361328, 4.003880500793457, 4.202401161193848, 3.9243295192718506, 4.232134819030762, 3.842548370361328, 3.814268112182617, 4.038751602172852, 4.130735397338867, 4.003880500793457], "rmse": 0.9147215529483567, "ndcg@5": 0.9226389250788078}

ProposedModel: {"user_id": 1875, "real_score": [4.0, 4.0, 5.0, 4.0, 3.0, 5.0, 5.0, 4.0, 4.0, 4.0], "pred_score": [3.9560658931732178, 3.9951817989349365, 3.9382495880126953, 3.9951817989349365, 3.9735779762268066, 3.9104557037353516, 3.7208564281463623, 3.8767759799957275, 3.7972519397735596, 3.4431750774383545], "rmse": 0.7257275038940544, "ndcg@5": 0.8067130040715123}
BaseModel: {"user_id": 1875, "real_score": [5.0, 5.0, 5.0, 5.0, 5.0, 5.0, 5.0, 5.0, 5.0, 5.0], "pred_score": [4.52553653717041, 4.52553653717041, 4.430818557739258, 4.52553653717041, 4.631564140319824, 4.052364349365234, 4.435400009155273, 4.435400009155273, 4.634066581726074, 4.377326965332031], "rmse": 0.5649998271148552, "ndcg@5": 0.8653777952723772}

ProposedModel: {"user_id": 517, "real_score": [5.0, 3.0, 5.0, 5.0, 5.0, 5.0, 5.0, 4.0, 3.0, 4.0], "pred_score": [4.18048620223999, 3.7624623775482178, 4.168724536895752, 4.0139899253845215, 4.12410306930542, 4.0922651290893555, 4.097341537475586, 4.194285869598389, 3.9038302898406982, 4.0368332862854], "rmse": 0.786013310987052, "ndcg@5": 0.8215024861598649}
BaseModel: {"user_id": 517, "real_score": [3.0, 1.0, 5.0, 3.0, 3.0, 5.0, 4.0, 4.0, 3.0, 4.0], "pred_score": [4.052783489227295, 4.052783489227295, 4.172253131866455, 3.9439802169799805, 3.9023661613464355, 4.172253131866455, 4.071341514587402, 3.9105725288391113, 3.9105725288391113, 4.012200832366943], "rmse": 1.1977441525285697, "ndcg@5": 0.8995795826466768}

ProposedModel: {"user_id": 273, "real_score": [5.0, 5.0, 5.0, 4.0, 3.0, 4.0, 5.0, 4.0, 4.0, 3.0], "pred_score": [4.226805686950684, 4.234630584716797, 4.111241817474365, 4.111241817474365, 4.111241817474365, 4.107367515563965, 4.111241817474365, 4.111241817474365, 4.111241817474365, 3.877310276031494], "rmse": 0.6940162877925335, "ndcg@5": 0.8578796295750452}
BaseModel: {"user_id": 273, "real_score": [5.0, 5.0, 5.0, 5.0, 5.0, 5.0, 5.0, 5.0, 5.0, 5.0], "pred_score": [4.563744068145752, 4.195712566375732, 4.521448612213135, 4.456733226776123, 4.456733226776123, 4.243630409240723, 4.456733226776123, 4.487600803375244, 4.487600803375244, 4.456733226776123], "rmse": 0.5782702495494447, "ndcg@5": 0.8788401068443473}

ProposedModel: {"user_id": 643, "real_score": [3.0, 3.0, 4.0, 4.0, 4.0, 4.0, 4.0, 5.0, 5.0, 5.0], "pred_score": [3.9764304161071777, 4.201951026916504, 4.257349014282227, 4.361544609069824, 4.257349014282227, 4.321617126464844, 4.369810581207275, 4.194632530212402, 4.361544609069824, 4.365182876586914], "rmse": 0.6603564348241344, "ndcg@5": 0.9151374583311277}
BaseModel: {"user_id": 643, "real_score": [5.0, 5.0, 4.0, 5.0, 5.0, 5.0, 5.0, 5.0, 5.0, 5.0], "pred_score": [4.414529800415039, 4.282524108886719, 4.108161926269531, 4.326529502868652, 4.282524108886719, 4.108161926269531, 4.111244201660156, 4.27738094329834, 4.331194877624512, 4.108161926269531], "rmse": 0.7202566361020634, "ndcg@5": 0.834019144861614}

ProposedModel: {"user_id": 5573, "real_score": [5.0, 4.0, 5.0, 5.0, 4.0, 5.0, 5.0, 5.0, 4.0, 4.0], "pred_score": [3.9889092445373535, 3.8889331817626953, 4.002167701721191, 4.27981424331665, 3.797884464263916, 4.002167701721191, 3.9344801902770996, 4.098933696746826, 4.002167701721191, 3.8889331817626953], "rmse": 0.7446536400861427, "ndcg@5": 0.8128778869699925}
BaseModel: {"user_id": 5573, "real_score": [5.0, 4.0, 5.0, 5.0, 4.0, 4.0, 5.0, 4.0, 4.0, 5.0], "pred_score": [4.424993515014648, 4.345831871032715, 4.66046142578125, 4.266690731048584, 4.473918437957764, 4.345831871032715, 4.351821422576904, 3.871922016143799, 4.298346996307373, 4.310537338256836], "rmse": 0.49480991497186083, "ndcg@5": 0.8845660106023169}

ProposedModel: {"user_id": 3703, "real_score": [4.0, 4.0, 3.0, 4.0, 4.0, 5.0, 4.0, 4.0, 4.0, 4.0], "pred_score": [3.9279251098632812, 4.399956226348877, 3.9579992294311523, 3.965062141418457, 4.041208267211914, 4.086906909942627, 3.999145030975342, 3.9567441940307617, 4.041208267211914, 4.333362579345703], "rmse": 0.4510299987987057, "ndcg@5": 0.93836479498443}
BaseModel: {"user_id": 3703, "real_score": [5.0, 5.0, 5.0, 5.0, 5.0, 5.0, 5.0, 5.0, 5.0, 4.0], "pred_score": [4.304769992828369, 4.304769992828369, 3.6030635833740234, 4.0140767097473145, 4.304769992828369, 4.391570568084717, 4.304769992828369, 4.391570568084717, 4.1694655418396, 3.6030635833740234], "rmse": 0.8027810410349283, "ndcg@5": 0.8636540619035258}

ProposedModel: {"user_id": 4672, "real_score": [5.0, 4.0, 3.0, 5.0, 5.0, 5.0, 4.0, 5.0, 4.0, 3.0], "pred_score": [4.605478286743164, 4.42169189453125, 4.211943626403809, 4.186246871948242, 4.42169189453125, 4.530855655670166, 4.365630149841309, 4.121668815612793, 4.332891464233398, 4.332891464233398], "rmse": 0.7623369886908098, "ndcg@5": 0.8820447486469325}
BaseModel: {"user_id": 4672, "real_score": [4.0, 3.0, 4.0, 3.0, 4.0, 4.0, 5.0, 5.0, 5.0, 4.0], "pred_score": [3.8477628231048584, 3.7486441135406494, 4.074745178222656, 3.8005359172821045, 4.074745178222656, 4.028816223144531, 3.88877272605896, 4.008028984069824, 4.022371292114258, 3.6584534645080566], "rmse": 0.6728856226213513, "ndcg@5": 0.8354895843699349}

ProposedModel: {"user_id": 5411, "real_score": [5.0, 4.0, 4.0, 4.0, 4.0, 5.0, 5.0, 5.0, 5.0, 4.0], "pred_score": [4.016903877258301, 4.163632392883301, 4.08713436126709, 4.130588054656982, 4.290246486663818, 3.9572722911834717, 4.130588054656982, 3.8920998573303223, 4.228891372680664, 4.019412517547607], "rmse": 0.6904873965478387, "ndcg@5": 0.8066012059778649}
BaseModel: {"user_id": 5411, "real_score": [5.0, 5.0, 5.0, 5.0, 5.0, 5.0, 5.0, 5.0, 5.0, 5.0], "pred_score": [4.08251428604126, 4.197051048278809, 4.202690124511719, 4.08251428604126, 4.094808578491211, 4.138518333435059, 4.227384567260742, 4.024428844451904, 4.08251428604126, 4.202690124511719], "rmse": 0.8690033879318305, "ndcg@5": 0.8276852851311782}

ProposedModel: {"user_id": 583, "real_score": [3.0, 4.0, 5.0, 5.0, 4.0, 5.0, 4.0, 4.0, 5.0, 4.0], "pred_score": [4.096963882446289, 4.161395072937012, 4.278147220611572, 3.846710205078125, 4.161395072937012, 4.227326393127441, 3.955162525177002, 4.442910671234131, 4.213106632232666, 4.2872185707092285], "rmse": 0.6784891987575469, "ndcg@5": 0.8562482762559769}
BaseModel: {"user_id": 583, "real_score": [5.0, 4.0, 4.0, 5.0, 4.0, 4.0, 5.0, 5.0, 4.0, 5.0], "pred_score": [4.2515387535095215, 4.226105690002441, 4.049756050109863, 4.051977157592773, 4.190343856811523, 4.2515387535095215, 4.226105690002441, 4.160250186920166, 4.144619464874268, 4.2515387535095215], "rmse": 0.5913750684371647, "ndcg@5": 0.8382376002427446}

ProposedModel: {"user_id": 583, "real_score": [3.0, 4.0, 5.0, 5.0, 4.0, 5.0, 4.0, 4.0, 5.0, 4.0], "pred_score": [4.096963882446289, 4.161395072937012, 4.278147220611572, 3.846710205078125, 4.161395072937012, 4.227326393127441, 3.955162525177002, 4.442910671234131, 4.213106632232666, 4.2872185707092285], "rmse": 0.6784891987575469, "ndcg@5": 0.8562482762559769}
BaseModel: {"user_id": 583, "real_score": [4.0, 4.0, 3.0, 4.0, 4.0, 4.0, 5.0, 3.0, 3.0, 4.0], "pred_score": [4.422332286834717, 4.144096851348877, 3.9380898475646973, 3.9233508110046387, 3.9247632026672363, 4.392644882202148, 4.307621955871582, 4.307621955871582, 4.017033576965332, 4.283290863037109], "rmse": 0.6744420226681379, "ndcg@5": 0.9464024374209586}

ProposedModel: {"user_id": 9711, "real_score": [4.0, 5.0, 4.0, 5.0, 4.0, 4.0, 4.0, 5.0, 5.0, 4.0], "pred_score": [4.105121612548828, 3.8923187255859375, 4.054439544677734, 4.105121612548828, 4.105121612548828, 4.105121612548828, 4.105121612548828, 4.105121612548828, 4.105121612548828, 4.105121612548828], "rmse": 0.6072558455156427, "ndcg@5": 0.8283255725347095}
BaseModel: {"user_id": 9711, "real_score": [5.0, 4.0, 4.0, 5.0, 4.0, 3.0, 5.0, 3.0, 4.0, 4.0], "pred_score": [3.811098098754883, 3.845526933670044, 4.023506164550781, 3.803896188735962, 4.115365505218506, 4.115365505218506, 3.8972654342651367, 3.983705997467041, 3.8219552040100098, 3.983705997467041], "rmse": 0.7963405387582242, "ndcg@5": 0.8148687220217189}

ProposedModel: {"user_id": 480, "real_score": [3.0, 5.0, 4.0, 4.0, 3.0, 2.0, 4.0, 3.0, 4.0, 4.0], "pred_score": [4.135690212249756, 4.1302714347839355, 4.115109443664551, 4.2797932624816895, 4.1302714347839355, 4.363503932952881, 4.216988563537598, 4.20573091506958, 4.151356220245361, 4.464659690856934], "rmse": 1.0363931427714421, "ndcg@5": 0.9734431569331133}
BaseModel: {"user_id": 480, "real_score": [4.0, 5.0, 4.0, 5.0, 4.0, 4.0, 4.0, 5.0, 3.0, 4.0], "pred_score": [4.148268699645996, 3.867147207260132, 3.893577814102173, 3.867147207260132, 3.7617604732513428, 3.812718152999878, 3.814706563949585, 3.867147207260132, 3.7105038166046143, 4.148268699645996], "rmse": 0.6735236544274811, "ndcg@5": 0.8247648524362057}

ProposedModel: {"user_id": 849, "real_score": [5.0, 2.0, 4.0, 5.0, 4.0, 3.0, 4.0, 5.0, 3.0, 3.0], "pred_score": [4.5914530754089355, 4.5515522956848145, 4.6644182205200195, 4.574102401733398, 4.378788948059082, 4.308624267578125, 4.574102401733398, 4.997541427612305, 4.574102401733398, 4.574102401733398], "rmse": 1.201721462652914, "ndcg@5": 0.9745266984391614}
BaseModel: {"user_id": 849, "real_score": [2.0, 5.0, 5.0, 5.0, 1.0, 3.0, 5.0, 5.0, 5.0, 2.0], "pred_score": [4.1263885498046875, 4.128139019012451, 3.9305622577667236, 3.8624463081359863, 4.022061347961426, 4.189507961273193, 4.221589088439941, 4.022061347961426, 3.821120262145996, 3.975060224533081], "rmse": 1.5849317546797361, "ndcg@5": 0.7928689031100704}

ProposedModel: {"user_id": 884, "real_score": [5.0, 5.0, 3.0, 3.0, 4.0, 3.0, 5.0, 3.0, 5.0, 4.0], "pred_score": [4.089740753173828, 4.295017242431641, 4.211150169372559, 4.171784400939941, 3.8081960678100586, 4.406113147735596, 4.177416801452637, 4.295017242431641, 3.930222511291504, 4.406142234802246], "rmse": 0.9920970845514445, "ndcg@5": 0.8558068673069917}
BaseModel: {"user_id": 884, "real_score": [5.0, 5.0, 3.0, 3.0, 3.0, 4.0, 3.0, 5.0, 5.0, 4.0], "pred_score": [3.9729833602905273, 3.990138292312622, 3.7968270778656006, 4.123298645019531, 3.6120543479919434, 4.154103755950928, 3.9743638038635254, 4.045337200164795, 3.6632306575775146, 4.06100606918335], "rmse": 0.8956068477135415, "ndcg@5": 0.8123628279429349}

ProposedModel: {"user_id": 3382, "real_score": [5.0, 4.0, 4.0, 4.0, 4.0, 5.0, 5.0, 4.0, 4.0, 5.0], "pred_score": [3.7350172996520996, 3.808375120162964, 3.808375120162964, 3.937427520751953, 3.482058525085449, 3.937427520751953, 3.8638508319854736, 3.937427520751953, 3.7350172996520996, 3.8638508319854736], "rmse": 0.757011304657555, "ndcg@5": 0.7839889715648972}
BaseModel: {"user_id": 3382, "real_score": [4.0, 4.0, 5.0, 2.0, 5.0, 5.0, 3.0, 4.0, 4.0, 4.0], "pred_score": [3.9134409427642822, 3.748849391937256, 3.7888402938842773, 3.9584238529205322, 4.0316643714904785, 3.6985199451446533, 4.058218479156494, 4.018003463745117, 4.099653244018555, 4.0316643714904785], "rmse": 0.9557985424393824, "ndcg@5": 0.8263752736597021}

